Minutes Index | Status Register | Accumulated Charge | Voltage | Current
0,0,48236,9.85903868162,1.84777367473
0,0,48255,9.85984130617,1.84972685934
0,0,48273,9.86144655528,1.84777367473
1,0,48292,9.86385442893,1.84679708243
1,0,48310,9.86666361486,1.84875026704
1,0,48329,9.86867017624,1.84679708243
2,0,48347,9.87147936217,1.84875026704
2,0,48366,9.87388723583,1.84582049013
2,0,48384,9.87669642176,1.84777367473
3,0,48403,9.87910429541,1.84679708243
3,0,48421,9.88111085679,1.84679708243
3,0,48439,9.88392004273,1.84777367473
4,0,48458,9.88672922866,1.84679708243
4,0,48476,9.88913710231,1.84777367473
4,0,48495,9.89194628824,1.84679708243
5,0,48513,9.8943541619,1.84777367473
5,0,48532,9.89716334783,1.84679708243
5,0,48550,9.89997253376,1.84679708243
6,0,48569,9.90278171969,1.84777367473
6,0,48587,9.90559090562,1.84875026704
6,0,48605,9.90840009155,1.84972685934
7,0,48624,9.91120927749,1.84875026704
7,0,48642,9.91401846342,1.84777367473
7,0,48661,9.91682764935,1.84875026704
8,0,48679,9.91963683528,1.84777367473
8,0,48698,9.92204470893,1.84875026704
8,0,48716,9.92485389487,1.84777367473
9,0,48735,9.92806439307,1.84972685934
9,0,48753,9.930873579,1.84972685934
9,0,48772,9.93368276493,1.84972685934
10,0,48790,9.93649195087,1.84972685934
10,0,48809,9.9393011368,1.84972685934
10,0,48827,9.94170901045,1.84875026704
11,0,48846,9.94451819638,1.84777367473
11,0,48864,9.94732738231,1.84875026704
11,0,48883,9.95013656825,1.84875026704
12,0,48901,9.95294575418,1.84972685934
12,0,48920,9.95575494011,1.84875026704
12,0,48938,9.95856412604,1.84972685934
13,0,48956,9.96137331197,1.85070345164
13,0,48975,9.96378118563,1.84777367473
13,0,48993,9.96659037156,1.84875026704
14,0,49012,9.96939955749,1.84875026704
14,0,49030,9.97180743114,1.84875026704
14,0,49049,9.9742153048,1.84972685934
15,0,49067,9.97702449073,1.84875026704
15,0,49086,9.97983367666,1.84875026704
15,0,49104,9.98224155032,1.84875026704
16,0,49122,9.98505073625,1.84875026704
16,0,49141,9.9874586099,1.84972685934
16,0,49159,9.98986648356,1.84777367473
17,0,49178,9.99267566949,1.85070345164
17,0,49196,9.99508354314,1.84972685934
17,0,49215,9.9974914168,1.84875026704
18,0,49233,9.99989929046,1.84875026704
18,0,49252,10.0023071641,1.84875026704
18,0,49270,10.0043137255,1.84972685934
19,0,49289,10.0067215991,1.84875026704
19,0,49307,10.0091294728,1.84972685934
19,0,49326,10.0115373465,1.84972685934
20,0,49344,10.0135439078,1.84875026704
20,0,49363,10.0159517815,1.84972685934
20,0,49381,10.0179583429,1.84777367473
21,0,49400,10.019563592,1.84679708243
21,0,49418,10.0215701534,1.84679708243
21,0,49437,10.023978027,1.84875026704
22,0,49455,10.0259845884,1.84875026704
22,0,49474,10.0279911498,1.84777367473
22,0,49492,10.0299977111,1.84875026704
23,0,49511,10.0320042725,1.84875026704
23,0,49529,10.0336095216,1.84777367473
23,0,49548,10.0352147707,1.84679708243
24,0,49566,10.0376226444,1.85070345164
24,0,49584,10.0388265812,1.84777367473
24,0,49603,10.0404318303,1.84777367473
25,0,49621,10.0420370794,1.84777367473
25,0,49640,10.0432410163,1.84582049013
25,0,49658,10.0448462654,1.84777367473
26,0,49677,10.0464515145,1.84777367473
26,0,49695,10.0480567636,1.84777367473
26,0,49714,10.0496620127,1.84875026704
27,0,49732,10.0508659495,1.84875026704
27,0,49750,10.0520698863,1.84875026704
27,0,49769,10.0532738231,1.84777367473
28,0,49787,10.05447776,1.84582049013
28,0,49806,10.0556816968,1.84875026704
28,0,49824,10.0568856336,1.84777367473
29,0,49843,10.0580895705,1.84875026704
29,0,49861,10.0592935073,1.84972685934
29,0,49879,10.0608987564,1.85168004395
30,0,49898,10.0613000687,1.84972685934
30,0,49916,10.0625040055,1.84972685934
30,0,49935,10.06330663,1.84972685934
31,0,49953,10.0641092546,1.84875026704
31,0,49972,10.0649118791,1.85070345164
31,0,49990,10.0657145037,1.84875026704
32,0,50008,10.066115816,1.84875026704
32,0,50027,10.0669184405,1.85070345164
32,0,50045,10.0673197528,1.84972685934
33,0,50064,10.0681223774,1.85070345164
33,0,50082,10.0685236896,1.85070345164
33,0,50101,10.0689250019,1.84875026704
34,0,50119,10.0689250019,1.84875026704
34,0,50138,10.0693263142,1.84972685934
34,0,50156,10.0693263142,1.84875026704
35,0,50175,10.0697276265,1.84972685934
35,0,50193,10.0701289387,1.85070345164
36,0,50212,10.0693263142,1.84875026704
36,0,50230,10.0697276265,1.84875026704
36,0,50249,10.0697276265,1.85070345164
37,0,50267,10.0697276265,1.84972685934
37,0,50286,10.0693263142,1.84875026704
37,0,50304,10.0693263142,1.84972685934
38,0,50322,10.0689250019,1.84875026704
38,0,50341,10.0689250019,1.84972685934
38,0,50359,10.0681223774,1.84679708243
39,0,50378,10.0677210651,1.84777367473
39,0,50396,10.0673197528,1.84972685934
39,0,50415,10.0669184405,1.84777367473
40,0,50433,10.0669184405,1.84972685934
40,0,50452,10.066115816,1.85070345164
40,0,50470,10.0653131914,1.84875026704
41,0,50488,10.0649118791,1.84777367473
41,0,50507,10.0641092546,1.84777367473
41,0,50525,10.0629053178,1.84875026704
42,0,50544,10.0621026932,1.84777367473
42,0,50562,10.0617013809,1.84875026704
42,0,50580,10.0608987564,1.84777367473
43,0,50599,10.0600961318,1.84875026704
43,0,50617,10.058892195,1.84777367473
43,0,50636,10.0580895705,1.84777367473
44,0,50654,10.0568856336,1.84679708243
44,0,50672,10.0556816968,1.84777367473
44,0,50691,10.05447776,1.84972685934
45,0,50709,10.0532738231,1.84777367473
45,0,50728,10.0524711986,1.84777367473
45,0,50746,10.0512672618,1.85070345164
46,0,50765,10.0496620127,1.84777367473
46,0,50783,10.0480567636,1.84679708243
46,0,50801,10.047254139,1.84875026704
47,0,50820,10.0460502022,1.84777367473
47,0,50838,10.0444449531,1.84777367473
47,0,50857,10.0432410163,1.84777367473
48,0,50875,10.0416357671,1.84679708243
48,0,50894,10.0404318303,1.84777367473
48,0,50912,10.0388265812,1.84777367473
49,0,50931,10.0372213321,1.84679708243
49,0,50949,10.035616083,1.84777367473
49,0,50968,10.0344121462,1.84777367473
50,0,50986,10.0328068971,1.84875026704
50,0,51005,10.0316029603,1.84875026704
50,0,51023,10.0299977111,1.84777367473
51,0,51042,10.0287937743,1.84875026704
51,0,51060,10.0271885252,1.84777367473
51,0,51078,10.0259845884,1.84875026704
52,0,51097,10.023978027,1.84875026704
52,0,51115,10.0227740902,1.84875026704
52,0,51134,10.0211688411,1.84972685934
53,0,51152,10.0199649042,1.84972685934
53,0,51171,10.0183596551,1.84972685934
53,0,51190,10.0171557183,1.84972685934
54,0,51208,10.0155504692,1.84972685934
54,0,51227,10.0139452201,1.84972685934
54,0,51245,10.0127412833,1.85070345164
55,0,51264,10.0107347219,1.84972685934
55,0,51282,10.0091294728,1.84777367473
55,0,51301,10.007925536,1.84972685934
56,0,51319,10.0063202869,1.84972685934
56,0,51338,10.0043137255,1.84875026704
56,0,51356,10.0027084764,1.84875026704
57,0,51374,10.0011032273,1.84972685934
57,0,51393,9.9990966659,1.84875026704
57,0,51399,9.9974914168,1.84875026704
58,0,51399,9.61704737926,-0.00091555528428
58,0,51399,9.59898832685,-0.00091555528428
58,0,51399,9.58574502174,-0.00091555528428
59,0,51399,9.57410696574,-0.00091555528428
59,0,51399,9.56367284657,-0.00091555528428
59,0,51399,9.55404135195,-0.00091555528428
60,0,51399,9.54601510643,-0.00091555528428
60,0,51399,9.53798886091,-0.00091555528428
60,0,51399,9.53116655222,-0.00091555528428
61,0,51399,9.52434424353,-0.00091555528428
61,0,51399,9.51752193484,-0.00091555528428
61,0,51399,9.51150225071,-0.00091555528428
62,0,51399,9.50628519112,-0.00091555528428
62,0,51399,9.50026550698,-0.00091555528428
62,0,51399,9.49544975967,-0.00091555528428
63,0,51399,9.48983138781,-0.00091555528428
63,0,51399,9.48581826505,-0.00091555528428
63,0,51399,9.48060120546,-0.00091555528428
64,0,51399,9.47618677043,-0.00091555528428
64,0,51399,9.47217364767,-0.00091555528428
64,0,51399,9.46775921263,-0.00091555528428
65,0,51399,9.46414740215,-0.00091555528428
65,0,51399,9.46053559167,-0.00091555528428
65,0,51399,9.45612115663,-0.00091555528428
66,0,51399,9.45291065843,-0.00091555528428
66,0,51399,9.44970016022,-0.00091555528428
66,0,51399,9.44608834974,-0.00091555528428
67,0,51399,9.44247653925,-0.00091555528428
67,0,51399,9.43966735332,-0.00091555528428
67,0,51399,9.43645685512,-0.00091555528428
68,0,51399,9.43364766918,-0.00091555528428
68,0,51399,9.43083848325,-0.00091555528428
68,0,51399,9.42762798505,-0.00091555528428
69,0,51399,9.42522011139,-0.00091555528428
69,0,51399,9.42241092546,-0.00091555528428
69,0,51399,9.4200030518,-0.00091555528428
70,0,51399,9.41719386587,-0.00091555528428
70,0,51399,9.41478599222,-0.00091555528428
70,0,51399,9.41237811856,-0.00091555528428
71,0,51399,9.40997024491,-0.00091555528428
71,0,51399,9.40796368353,-0.00091555528428
71,0,51399,9.40595712215,-0.00091555528428
72,0,51399,9.40314793622,-0.00091555528428
72,0,51399,9.40154268711,-0.00091555528428
73,0,51399,9.39953612573,-0.00091555528428
73,0,51399,9.39712825208,-0.00091555528428
73,0,51399,9.3951216907,-0.00091555528428
74,0,51399,9.39311512932,-0.00091555528428
74,0,51399,9.39110856794,-0.00091555528428
74,0,51399,9.38950331884,-0.00091555528428
75,0,51399,9.38749675746,-0.00091555528428
75,0,51399,9.38589150835,-0.00091555528428
75,0,51399,9.38388494697,-0.00091555528428
76,0,51399,9.38227969787,-0.00091555528428
76,0,51399,9.38067444877,-0.00091555528428
76,0,51399,9.37906919966,-0.00091555528428
77,0,51399,9.37746395056,-0.00091555528428
77,0,51399,9.37545738918,-0.00091555528428
77,0,51399,9.37425345235,-0.00091555528428
78,0,51399,9.3734508278,-0.00091555528428
78,0,51399,9.37144426642,-0.00091555528428
78,0,51399,9.36943770504,-0.00091555528428
79,0,51399,9.36823376822,-0.00091555528428
79,0,51399,9.36702983139,-0.00091555528428
79,0,51399,9.36542458228,-0.00091555528428
80,0,51399,9.36422064546,-0.00091555528428
80,0,51399,9.36261539635,-0.00091555528428
80,0,51399,9.36141145953,-0.00091555528428
81,0,51399,9.3602075227,-0.00091555528428
81,0,51399,9.35900358587,-0.00091555528428
81,0,51399,9.35820096132,-0.00091555528428
82,0,51399,9.35659571221,-0.00091555528428
82,0,51399,9.35539177539,-0.00091555528428
82,0,51399,9.35378652628,-0.00091555528428
83,0,51399,9.35298390173,-0.00091555528428
83,0,51399,9.3517799649,-0.00091555528428
83,0,51399,9.35057602808,-0.00091555528428
84,0,51399,9.34937209125,-0.00091555528428
84,0,51399,9.34816815442,-0.00091555528428
84,0,51399,9.34736552987,-0.00091555528428
85,0,51399,9.34616159304,-0.00091555528428
85,0,51399,9.34535896849,-0.00091555528428
85,0,51399,9.34415503166,-0.00091555528428
86,0,51399,9.34295109483,-0.00091555528428
86,0,51399,9.34254978256,-0.00091555528428
86,0,51399,9.34134584573,-0.00091555528428
87,0,51399,9.3401419089,-0.00091555528428
87,0,51399,9.33974059663,-0.00091555528428
87,0,51399,9.33813534752,-0.00091555528428
88,0,51399,9.33733272297,-0.00091555528428
88,0,51399,9.33612878614,-0.00091555528428
88,0,51399,9.33572747387,-0.00091555528428
89,0,51399,9.33452353704,-0.00091555528428
89,0,51399,9.33372091249,-0.00091555528428
89,0,51399,9.33291828794,-0.00091555528428
90,0,51399,9.33211566339,-0.00091555528428
90,0,51399,9.33091172656,-0.00091555528428
90,0,51399,9.33010910201,-0.00091555528428
91,0,51399,9.32930647745,-0.00091555528428
91,0,51399,9.32930647745,-0.00091555528428
91,0,51399,9.32810254063,-0.00091555528428
92,0,51399,9.32729991608,-0.00091555528428
92,0,51399,9.32609597925,-0.00091555528428
92,0,51399,9.32569466697,-0.00091555528428
93,0,51399,9.32489204242,-0.00091555528428
93,0,51399,9.32368810559,-0.00091555528428
93,0,51399,9.32328679332,-0.00091555528428
94,0,51399,9.32208285649,-0.00091555528428
94,0,51399,9.32168154421,-0.00091555528428
94,0,51399,9.32087891966,-0.00091555528428
95,0,51399,9.32047760739,-0.00091555528428
95,0,51399,9.31927367056,-0.00091555528428
95,0,51399,9.31887235828,-0.00091555528428
96,0,51399,9.31806973373,-0.00091555528428
96,0,51399,9.31726710918,-0.00091555528428
96,0,51399,9.31646448463,-0.00091555528428
97,0,51399,9.31606317235,-0.00091555528428
97,0,51399,9.3152605478,-0.00091555528428
97,0,51399,9.31445792325,-0.00091555528428
98,0,51399,9.31405661097,-0.00091555528428
98,0,51399,9.31325398642,-0.00091555528428
98,0,51399,9.31285267414,6.1037018952e-05
99,0,51399,9.31245136187,-0.00091555528428
99,0,51399,9.31124742504,-0.00091555528428
99,0,51399,9.31124742504,-0.00091555528428
100,0,51399,9.31044480049,-0.00091555528428
100,0,51399,9.30964217594,-0.00091555528428
100,0,51399,9.30924086366,-0.00091555528428
101,0,51399,9.30843823911,-0.00091555528428
101,0,51399,9.30843823911,-0.00091555528428
101,0,51399,9.30723430228,-0.00091555528428
102,0,51399,9.30683299001,-0.00091555528428
102,0,51399,9.30643167773,-0.00091555528428
102,0,51399,9.30562905318,-0.00091555528428
103,0,51399,9.3052277409,-0.00091555528428
103,0,51399,9.30482642863,-0.00091555528428
103,0,51399,9.30402380407,-0.00091555528428
104,0,51399,9.3036224918,-0.00091555528428
104,0,51399,9.3036224918,-0.00091555528428
104,0,51399,9.30241855497,-0.00091555528428
105,0,51399,9.30201724269,-0.00091555528428
105,0,51399,9.30201724269,-0.00091555528428
105,0,51399,9.30121461814,-0.00091555528428
106,0,51399,9.30081330587,-0.00091555528428
106,0,51399,9.30041199359,-0.00091555528428
106,0,51399,9.29960936904,-0.00091555528428
107,0,51399,9.29920805676,-0.00091555528428
107,0,51399,9.29880674449,-0.00091555528428
108,0,51399,9.29800411994,-0.00091555528428
108,0,51399,9.29760280766,-0.00091555528428
108,0,51399,9.29720149538,-0.00091555528428
109,0,51399,9.29680018311,-0.00091555528428
109,0,51399,9.29639887083,-0.00091555528428
109,0,51399,9.29559624628,-0.00091555528428
110,0,51399,9.29559624628,-0.00091555528428
110,0,51399,9.295194934,-0.00091555528428
110,0,51399,9.29439230945,-0.00091555528428
111,0,51399,9.29399099718,-0.00091555528428
111,0,51399,9.29399099718,-0.00091555528428
111,0,51399,9.29318837263,-0.00091555528428
112,0,51399,9.29278706035,-0.00091555528428
112,0,51399,9.29238574807,-0.00091555528428
112,0,51399,9.29238574807,-0.00091555528428
113,0,51399,9.2919844358,-0.00091555528428
113,0,51399,9.29158312352,-0.00091555528428
113,0,51399,9.29078049897,-0.00091555528428
114,0,51399,9.29037918669,-0.00091555528428
114,0,51399,9.28957656214,-0.00091555528428
114,0,51399,9.28957656214,-0.00091555528428
115,0,51399,9.28957656214,-0.00091555528428
115,0,51399,9.28877393759,-0.00091555528428
115,0,51399,9.28837262531,-0.00091555528428
116,0,51399,9.28797131304,-0.00091555528428
116,0,51399,9.28757000076,-0.00091555528428
116,0,51399,9.28716868849,-0.00091555528428
117,0,51399,9.28676737621,-0.00091555528428
117,0,51399,9.28676737621,-0.00091555528428
117,0,51399,9.28636606394,-0.00091555528428
118,0,51399,9.28596475166,-0.00091555528428
118,0,51399,9.28556343938,-0.00091555528428
118,0,51399,9.28516212711,-0.00091555528428
119,0,51399,9.28476081483,-0.00091555528428
119,0,51399,9.28395819028,-0.00091555528428
119,0,51399,9.28395819028,-0.00091555528428
120,0,51399,9.283556878,-0.00091555528428
120,0,51399,9.28315556573,-0.00091555528428
120,0,51399,9.28275425345,-0.00091555528428
121,0,51399,9.28275425345,-0.00091555528428
121,0,51399,9.28235294118,-0.00091555528428
121,0,51399,9.2819516289,-0.00091555528428
122,0,51399,9.28155031662,-0.00091555528428
122,0,51399,9.28114900435,-0.00091555528428
122,0,51399,9.28074769207,-0.00091555528428
123,0,51399,9.2803463798,-0.00091555528428
123,0,51399,9.2803463798,-0.00091555528428
123,0,51399,9.27954375525,-0.00091555528428
124,0,51399,9.27994506752,-0.00091555528428
124,0,51399,9.27914244297,-0.00091555528428
124,0,51399,9.27954375525,-0.00091555528428
125,0,51399,9.27874113069,-0.00091555528428
125,0,51399,9.27833981842,-0.00091555528428
125,0,51399,9.27793850614,-0.00091555528428
126,0,51399,9.27793850614,-0.00091555528428
126,0,51399,9.27753719387,-0.00091555528428
126,0,51399,9.27713588159,-0.00091555528428
127,0,51399,9.27753719387,-0.00091555528428
127,0,51399,9.27673456931,-0.00091555528428
127,0,51399,9.27593194476,-0.00091555528428
128,0,51399,9.27593194476,-0.00091555528428
128,0,51399,9.27593194476,6.1037018952e-05
128,0,51399,9.27512932021,-0.00091555528428
129,0,51399,9.27512932021,-0.00091555528428
129,0,51399,9.27472800793,-0.00091555528428
129,0,51399,9.27472800793,-0.00091555528428
130,0,51399,9.27432669566,-0.00091555528428
130,0,51399,9.27392538338,-0.00091555528428
130,0,51399,9.27352407111,-0.00091555528428
131,0,51399,9.27352407111,-0.00091555528428
131,0,51399,9.27272144656,-0.00091555528428
131,0,51399,9.27272144656,-0.00091555528428
132,0,51399,9.27232013428,-0.00091555528428
132,0,51399,9.27232013428,-0.00091555528428
132,0,51399,9.271918822,-0.00091555528428
133,0,51399,9.271918822,-0.00091555528428
133,0,51399,9.27111619745,-0.00091555528428
133,0,51399,9.27111619745,-0.00091555528428
134,0,51399,9.27111619745,-0.00091555528428
134,0,51399,9.27071488518,-0.00091555528428
134,0,51399,9.2703135729,-0.00091555528428
135,0,51399,9.26991226062,-0.00091555528428
135,0,51399,9.26991226062,-0.00091555528428
135,0,51399,9.26951094835,-0.00091555528428
136,0,51399,9.26951094835,-0.00091555528428
136,0,51399,9.26910963607,-0.00091555528428
136,0,51399,9.2687083238,-0.00091555528428
137,0,51399,9.2687083238,-0.00091555528428
137,0,51399,9.26830701152,-0.00091555528428
137,0,51399,9.26830701152,-0.00091555528428
138,0,51399,9.26830701152,-0.00091555528428
138,0,51399,9.26790569924,-0.00091555528428
138,0,51399,9.26750438697,-0.00091555528428
139,0,51399,9.26750438697,-0.00091555528428
139,0,51399,9.26710307469,-0.00091555528428
139,0,51399,9.26670176242,-0.00091555528428
140,0,51399,9.26630045014,-0.00091555528428
140,0,51399,9.26589913787,-0.00091555528428
140,0,51399,9.26630045014,-0.00091555528428
141,0,51399,9.26549782559,-0.00091555528428
141,0,51399,9.26549782559,-0.00091555528428
141,0,51399,9.26509651331,-0.00091555528428
142,0,51399,9.26509651331,-0.00091555528428
142,0,51399,9.26509651331,-0.00091555528428
142,0,51399,9.26469520104,-0.00091555528428
143,0,51399,9.26429388876,-0.00091555528428
143,0,51399,9.26389257649,-0.00091555528428
144,0,51399,9.26389257649,-0.00091555528428
144,0,51399,9.26349126421,-0.00091555528428
144,0,51399,9.26349126421,-0.00091555528428
145,0,51399,9.26349126421,-0.00091555528428
145,0,51399,9.26308995193,-0.00091555528428
145,0,51399,9.26349126421,-0.00091555528428
146,0,51399,9.26268863966,-0.00091555528428
146,0,51399,9.26228732738,-0.00091555528428
146,0,51399,9.26188601511,-0.00091555528428
147,0,51399,9.26188601511,-0.00091555528428
147,0,51399,9.26148470283,-0.00091555528428
147,0,51399,9.26188601511,-0.00091555528428
148,0,51399,9.26148470283,-0.00091555528428
148,0,51399,9.26148470283,-0.00091555528428
148,0,51399,9.26068207828,-0.00091555528428
149,0,51399,9.26068207828,-0.00091555528428
149,0,51399,9.260280766,-0.00091555528428
149,0,51399,9.260280766,-0.00091555528428
150,0,51399,9.25987945373,-0.00091555528428
150,0,51399,9.25987945373,-0.00091555528428
150,0,51399,9.25947814145,-0.00091555528428
151,0,51399,9.25947814145,-0.00091555528428
151,0,51399,9.25947814145,6.1037018952e-05
151,0,51399,9.25907682918,-0.00091555528428
152,0,51399,9.2586755169,-0.00091555528428
152,0,51399,9.2586755169,-0.00091555528428
152,0,51399,9.2586755169,-0.00091555528428
153,0,51399,9.25827420462,-0.00091555528428
153,0,51399,9.25827420462,-0.00091555528428
153,0,51399,9.25787289235,-0.00091555528428
154,0,51399,9.25787289235,-0.00091555528428
154,0,51399,9.25787289235,-0.00091555528428
154,0,51399,9.25747158007,-0.00091555528428
155,0,51399,9.25747158007,-0.00091555528428
155,0,51399,9.2570702678,-0.00091555528428
155,0,51399,9.25666895552,-0.00091555528428
156,0,51399,9.25666895552,-0.00091555528428
156,0,51399,9.2570702678,-0.00091555528428
156,0,51399,9.25666895552,-0.00091555528428
157,0,51399,9.25586633097,-0.00091555528428
157,0,51399,9.25586633097,-0.00091555528428
157,0,51399,9.25546501869,-0.00091555528428
158,0,51399,9.25546501869,-0.00091555528428
158,0,51399,9.25506370642,-0.00091555528428
158,0,51399,9.25546501869,-0.00091555528428
159,0,51399,9.25506370642,-0.00091555528428
159,0,51399,9.25466239414,-0.00091555528428
159,0,51399,9.25466239414,-0.00091555528428
160,0,51399,9.25466239414,-0.00091555528428
160,0,51399,9.25426108186,-0.00091555528428
160,0,51399,9.25426108186,-0.00091555528428
161,0,51399,9.25385976959,-0.00091555528428
161,0,51399,9.25385976959,-0.00091555528428
161,0,51399,9.25345845731,-0.00091555528428
162,0,51399,9.25345845731,-0.00091555528428
162,0,51399,9.25305714504,-0.00091555528428
162,0,51399,9.25345845731,-0.00091555528428
163,0,51399,9.25305714504,-0.00091555528428
163,0,51399,9.25265583276,-0.00091555528428
163,0,51399,9.25305714504,-0.00091555528428
164,0,51399,9.25225452049,-0.00091555528428
164,0,51399,9.25225452049,-0.00091555528428
164,0,51399,9.25185320821,-0.00091555528428
165,0,51399,9.25185320821,-0.00091555528428
165,0,51399,9.25185320821,-0.00091555528428
165,0,51399,9.25185320821,-0.00091555528428
166,0,51399,9.25145189593,-0.00091555528428
166,0,51399,9.25145189593,-0.00091555528428
166,0,51399,9.25105058366,-0.00091555528428
167,0,51399,9.25105058366,-0.00091555528428
167,0,51399,9.25064927138,-0.00091555528428
167,0,51399,9.25064927138,-0.00091555528428
168,0,51399,9.25064927138,-0.00091555528428
168,0,51399,9.25064927138,-0.00091555528428
168,0,51399,9.25024795911,-0.00091555528428
169,0,51399,9.24984664683,-0.00091555528428
169,0,51399,9.24984664683,-0.00091555528428
169,0,51399,9.24944533455,-0.00091555528428
170,0,51399,9.24944533455,-0.00091555528428
170,0,51399,9.24904402228,-0.00091555528428
170,0,51399,9.24944533455,-0.00091555528428
171,0,51399,9.24904402228,-0.00091555528428
171,0,51399,9.24904402228,-0.00091555528428
171,0,51399,9.24864271,-0.00091555528428
172,0,51399,9.24864271,-0.00091555528428
172,0,51399,9.24864271,-0.00091555528428
172,0,51399,9.24824139773,-0.00091555528428
173,0,51399,9.24824139773,-0.00091555528428
173,0,51399,9.24784008545,-0.00091555528428
173,0,51399,9.24784008545,-0.00091555528428
174,0,51399,9.24784008545,-0.00091555528428
174,0,51399,9.24743877317,-0.00091555528428
174,0,51399,9.24743877317,-0.00091555528428
175,0,51399,9.2470374609,-0.00091555528428
175,0,51399,9.2470374609,-0.00091555528428
175,0,51399,9.2470374609,-0.00091555528428
176,0,51399,9.2470374609,-0.00091555528428
176,0,51399,9.2470374609,-0.00091555528428
176,0,51399,9.24663614862,-0.00091555528428
177,0,51399,9.24623483635,-0.00091555528428
177,0,51399,9.24623483635,-0.00091555528428
177,0,51399,9.24663614862,-0.00091555528428
178,0,51399,9.24583352407,-0.00091555528428
178,0,51399,9.24583352407,-0.00091555528428
178,0,51399,9.2454322118,-0.00091555528428
179,0,51399,9.2454322118,-0.00091555528428
179,0,51399,9.24503089952,-0.00091555528428
180,0,51399,9.24503089952,-0.00091555528428
180,0,51399,9.2454322118,-0.00091555528428
180,0,51399,9.24503089952,-0.00091555528428
181,0,51399,9.24503089952,-0.00091555528428
181,0,51399,9.24503089952,-0.00091555528428
181,0,51399,9.24462958724,-0.00091555528428
182,0,51399,9.24462958724,-0.00091555528428
182,0,51399,9.24422827497,-0.00091555528428
182,0,51399,9.24422827497,-0.00091555528428
183,0,51399,9.24422827497,-0.00091555528428
183,0,51399,9.24382696269,-0.00091555528428
183,0,51399,9.24382696269,-0.00091555528428
184,0,51399,9.24342565042,-0.00091555528428
184,0,51399,9.24342565042,-0.00091555528428
184,0,51399,9.24302433814,-0.00091555528428
185,0,51399,9.24342565042,-0.00091555528428
185,0,51399,9.24302433814,-0.00091555528428
185,0,51399,9.24302433814,-0.00091555528428
186,0,51399,9.24262302586,-0.00091555528428
186,0,51399,9.24262302586,-0.00091555528428
186,0,51399,9.24262302586,-0.00091555528428
187,0,51399,9.24262302586,-0.00091555528428
187,0,51399,9.24222171359,-0.00091555528428
187,0,51399,9.24222171359,-0.00091555528428
188,0,51399,9.24182040131,-0.00091555528428
188,0,51399,9.24222171359,-0.00091555528428
188,0,51399,9.24182040131,-0.00091555528428
189,0,51399,9.24141908904,-0.00091555528428
189,0,51399,9.24141908904,-0.00091555528428
189,0,51399,9.24141908904,-0.00091555528428
190,0,51399,9.24141908904,-0.00091555528428
190,0,51399,9.24101777676,-0.00091555528428
190,0,51399,9.24141908904,-0.00091555528428
191,0,51399,9.24101777676,-0.00091555528428
191,0,51399,9.24061646448,-0.00091555528428
191,0,51399,9.24061646448,-0.00091555528428
192,0,51399,9.24061646448,-0.00091555528428
192,0,51399,9.24021515221,-0.00091555528428
192,0,51399,9.24021515221,-0.00091555528428
193,0,51399,9.24021515221,-0.00091555528428
193,0,51399,9.24021515221,-0.00091555528428
193,0,51399,9.24021515221,-0.00091555528428
194,0,51399,9.24021515221,-0.00091555528428
194,0,51399,9.23941252766,-0.00091555528428
194,0,51399,9.23941252766,-0.00091555528428
195,0,51399,9.23981383993,-0.00091555528428
195,0,51399,9.23941252766,-0.00091555528428
195,0,51399,9.23901121538,-0.00091555528428
196,0,51399,9.23901121538,-0.00091555528428
196,0,51399,9.23901121538,-0.00091555528428
196,0,51399,9.23860990311,-0.00091555528428
197,0,51399,9.23860990311,-0.00091555528428
197,0,51399,9.23820859083,-0.00091555528428
197,0,51399,9.23820859083,-0.00091555528428
198,0,51399,9.23820859083,-0.00091555528428
198,0,51399,9.23820859083,-0.00091555528428
198,0,51399,9.23820859083,-0.00091555528428
199,0,51399,9.23780727855,-0.00091555528428
199,0,51399,9.23780727855,-0.00091555528428
199,0,51399,9.23780727855,-0.00091555528428
200,0,51399,9.23780727855,-0.00091555528428
200,0,51399,9.23740596628,-0.00091555528428
200,0,51399,9.23740596628,-0.00091555528428
201,0,51399,9.23740596628,-0.00091555528428
201,0,51399,9.23740596628,-0.00091555528428
201,0,51399,9.237004654,-0.00091555528428
202,0,51399,9.237004654,-0.00091555528428
202,0,51399,9.23740596628,-0.00091555528428
202,0,51399,9.23660334173,-0.00091555528428
203,0,51399,9.23660334173,-0.00091555528428
203,0,51399,9.237004654,-0.00091555528428
203,0,51399,9.23620202945,-0.00091555528428
204,0,51399,9.23620202945,-0.00091555528428
204,0,51399,9.23620202945,-0.00091555528428
204,0,51399,9.23620202945,-0.00091555528428
205,0,51399,9.23580071717,-0.00091555528428
205,0,51399,9.23620202945,-0.00091555528428
205,0,51399,9.23580071717,-0.00091555528428
206,0,51399,9.2353994049,-0.00091555528428
206,0,51399,9.2353994049,-0.00091555528428
206,0,51399,9.23499809262,-0.00091555528428
207,0,51399,9.23499809262,-0.00091555528428
207,0,51399,9.23499809262,-0.00091555528428
207,0,51399,9.23459678035,-0.00091555528428
208,0,51399,9.23459678035,-0.00091555528428
208,0,51399,9.23459678035,-0.00091555528428
208,0,51399,9.23459678035,-0.00091555528428
209,0,51399,9.23459678035,-0.00091555528428
209,0,51399,9.23459678035,-0.00091555528428
209,0,51399,9.23419546807,-0.00091555528428
210,0,51399,9.23459678035,-0.00091555528428
210,0,51399,9.23419546807,-0.00091555528428
210,0,51399,9.23419546807,-0.00091555528428
211,0,51399,9.23379415579,-0.00091555528428
211,0,51399,9.23379415579,-0.00091555528428
211,0,51399,9.23339284352,-0.00091555528428
212,0,51399,9.23339284352,-0.00091555528428
212,0,51399,9.23379415579,-0.00091555528428
212,0,51399,9.23339284352,-0.00091555528428
213,0,51399,9.23299153124,-0.00091555528428
213,0,51399,9.23299153124,-0.00091555528428
213,0,51399,9.23299153124,-0.00091555528428
214,0,51399,9.23299153124,-0.00091555528428
214,0,51399,9.23299153124,-0.00091555528428
214,0,51399,9.23299153124,-0.00091555528428
215,0,51399,9.23299153124,-0.00091555528428
215,0,51399,9.23299153124,-0.00091555528428
216,0,51399,9.23259021897,-0.00091555528428
216,0,51399,9.23218890669,-0.00091555528428
216,0,51399,9.23218890669,-0.00091555528428
217,0,51399,9.23218890669,-0.00091555528428
217,0,51399,9.23218890669,-0.00091555528428
217,0,51399,9.23178759442,-0.00091555528428
218,0,51399,9.23178759442,-0.00091555528428
218,0,51399,9.23178759442,-0.00091555528428
218,0,51399,9.23138628214,-0.00091555528428
219,0,51399,9.23178759442,-0.00091555528428
219,0,51399,9.23178759442,-0.00091555528428
219,0,51399,9.23138628214,-0.00091555528428
220,0,51399,9.23138628214,-0.00091555528428
220,0,51399,9.23138628214,-0.00091555528428
220,0,51399,9.23098496986,-0.00091555528428
221,0,51399,9.23098496986,-0.00091555528428
221,0,51399,9.23098496986,-0.00091555528428
221,0,51399,9.23058365759,-0.00091555528428
222,0,51399,9.23058365759,-0.00091555528428
222,0,51399,9.23058365759,-0.00091555528428
222,0,51399,9.23058365759,-0.00091555528428
223,0,51399,9.23018234531,-0.00091555528428
223,0,51399,9.23018234531,-0.00091555528428
223,0,51399,9.22978103304,-0.00091555528428
224,0,51399,9.22978103304,-0.00091555528428
224,0,51399,9.22978103304,-0.00091555528428
224,0,51399,9.23018234531,-0.00091555528428
225,0,51399,9.22937972076,-0.00091555528428
225,0,51399,9.22937972076,-0.00091555528428
225,0,51399,9.22978103304,-0.00091555528428
226,0,51399,9.22937972076,-0.00091555528428
226,0,51399,9.22937972076,-0.00091555528428
226,0,51399,9.22937972076,-0.00091555528428
227,0,51399,9.22897840848,-0.00091555528428
227,0,51399,9.22857709621,-0.00091555528428
227,0,51399,9.22937972076,-0.00091555528428
228,0,51399,9.22897840848,-0.00091555528428
228,0,51399,9.22857709621,-0.00091555528428
228,0,51399,9.22857709621,-0.00091555528428
229,0,51399,9.22857709621,-0.00091555528428
229,0,51399,9.22817578393,-0.00091555528428
229,0,51399,9.22817578393,-0.00091555528428
230,0,51399,9.22817578393,-0.00091555528428
230,0,51399,9.22857709621,-0.00091555528428
230,0,51399,9.22777447166,-0.00091555528428
231,0,51399,9.22817578393,-0.00091555528428
231,0,51399,9.22777447166,-0.00091555528428
231,0,51399,9.22777447166,-0.00091555528428
232,0,51399,9.22737315938,-0.00091555528428
232,0,51399,9.22737315938,-0.00091555528428
232,0,51399,9.22737315938,-0.00091555528428
233,0,51399,9.22777447166,-0.00091555528428
233,0,51399,9.22737315938,-0.00091555528428
233,0,51399,9.2269718471,-0.00091555528428
234,0,51399,9.22657053483,-0.00091555528428
234,0,51399,9.22657053483,-0.00091555528428
234,0,51399,9.22657053483,-0.00091555528428
235,0,51399,9.22657053483,-0.00091555528428
235,0,51399,9.22657053483,-0.00091555528428
235,0,51399,9.22657053483,-0.00091555528428
236,0,51399,9.22657053483,-0.00091555528428
236,0,51399,9.22616922255,-0.00091555528428
236,0,51399,9.22576791028,-0.00091555528428
237,0,51399,9.22576791028,-0.00091555528428
237,0,51399,9.22576791028,-0.00091555528428
237,0,51399,9.22616922255,-0.00091555528428
238,0,51399,9.22576791028,-0.00091555528428
238,0,51399,9.22576791028,-0.00091555528428
238,0,51399,9.22576791028,-0.00091555528428
239,0,51399,9.225366598,-0.00091555528428
239,0,51399,9.225366598,-0.00091555528428
239,0,51399,9.225366598,-0.00091555528428
240,0,51399,9.225366598,-0.00091555528428
240,0,51399,9.22496528573,-0.00091555528428
240,0,51399,9.22496528573,-0.00091555528428
241,0,51399,9.22456397345,-0.00091555528428
241,0,51399,9.22496528573,-0.00091555528428
241,0,51399,9.22496528573,-0.00091555528428
242,0,51399,9.22496528573,-0.00091555528428
242,0,51399,9.22496528573,-0.00091555528428
242,0,51399,9.22456397345,-0.00091555528428
243,0,51399,9.22416266117,-0.00091555528428
243,0,51399,9.22416266117,-0.00091555528428
243,0,51399,9.2237613489,-0.00091555528428
244,0,51399,9.22416266117,-0.00091555528428
244,0,51399,9.2237613489,-0.00091555528428
244,0,51399,9.2237613489,-0.00091555528428
245,0,51399,9.2237613489,-0.00091555528428
245,0,51399,9.2237613489,-0.00091555528428
245,0,51399,9.2237613489,-0.00091555528428
246,0,51399,9.2237613489,-0.00091555528428
246,0,51399,9.2237613489,-0.00091555528428
246,0,51399,9.2237613489,-0.00091555528428
247,0,51399,9.22295872435,-0.00091555528428
247,0,51399,9.22295872435,-0.00091555528428
247,0,51399,9.22295872435,-0.00091555528428
248,0,51399,9.22295872435,-0.00091555528428
248,0,51399,9.22255741207,-0.00091555528428
248,0,51399,9.22295872435,-0.00091555528428
249,0,51399,9.22255741207,-0.00091555528428
249,0,51399,9.22255741207,-0.00091555528428
249,0,51399,9.22255741207,-0.00091555528428
250,0,51399,9.22215609979,-0.00091555528428
250,0,51399,9.22255741207,-0.00091555528428
250,0,51399,9.22255741207,-0.00091555528428
251,0,51399,9.22215609979,-0.00091555528428
251,0,51399,9.22215609979,-0.00091555528428
252,0,51399,9.22215609979,-0.00091555528428
252,0,51399,9.22175478752,-0.00091555528428
252,0,51399,9.22175478752,-0.00091555528428
253,0,51399,9.22135347524,-0.00091555528428
253,0,51399,9.22135347524,-0.00091555528428
253,0,51399,9.22135347524,-0.00091555528428
254,0,51399,9.22175478752,-0.00091555528428
254,0,51399,9.22135347524,-0.00091555528428
254,0,51399,9.22095216297,-0.00091555528428
255,0,51399,9.22135347524,-0.00091555528428
255,0,51399,9.22095216297,-0.00091555528428
255,0,51399,9.22095216297,-0.00091555528428
256,0,51399,9.22095216297,-0.00091555528428
256,0,51399,9.22095216297,-0.00091555528428
256,0,51399,9.22055085069,-0.00091555528428
257,0,51399,9.22135347524,-0.00091555528428
257,0,51399,9.22055085069,-0.00091555528428
257,0,51399,9.22055085069,-0.00091555528428
258,0,51399,9.22014953841,-0.00091555528428
258,0,51399,9.22014953841,-0.00091555528428
258,0,51399,9.22014953841,-0.00091555528428
259,0,51399,9.22014953841,-0.00091555528428
259,0,51399,9.22014953841,-0.00091555528428
259,0,51399,9.21974822614,-0.00091555528428
260,0,51399,9.22055085069,-0.00091555528428
260,0,51399,9.21974822614,-0.00091555528428
260,0,51399,9.21974822614,-0.00091555528428
261,0,51399,9.21974822614,-0.00091555528428
261,0,51399,9.21974822614,-0.00091555528428
261,0,51399,9.21974822614,-0.00091555528428
262,0,51399,9.21934691386,-0.00091555528428
262,0,51399,9.21934691386,-0.00091555528428
262,0,51399,9.21894560159,-0.00091555528428
263,0,51399,9.21894560159,-0.00091555528428
263,0,51399,9.21894560159,-0.00091555528428
263,0,51399,9.21894560159,-0.00091555528428
264,0,51399,9.21894560159,-0.00091555528428
264,0,51399,9.21934691386,-0.00091555528428
264,0,51399,9.21854428931,-0.00091555528428
265,0,51399,9.21854428931,-0.00091555528428
265,0,51399,9.21854428931,-0.00091555528428
265,0,51399,9.21814297704,-0.00091555528428
266,0,51399,9.21814297704,-0.00091555528428
266,0,51399,9.21854428931,-0.00091555528428
266,0,51399,9.21814297704,-0.00091555528428
267,0,51399,9.21774166476,-0.00091555528428
267,0,51399,9.21774166476,-0.00091555528428
267,0,51399,9.21774166476,-0.00091555528428
268,0,51399,9.21774166476,-0.00091555528428
268,0,51399,9.21774166476,-0.00091555528428
268,0,51399,9.21814297704,-0.00091555528428
269,0,51399,9.21774166476,-0.00091555528428
269,0,51399,9.21734035248,-0.00091555528428
269,0,51399,9.21734035248,-0.00091555528428
270,0,51399,9.21734035248,-0.00091555528428
270,0,51399,9.21734035248,-0.00091555528428
270,0,51399,9.21774166476,-0.00091555528428
271,0,51399,9.21693904021,-0.00091555528428
271,0,51399,9.21693904021,-0.00091555528428
271,0,51399,9.21693904021,-0.00091555528428
272,0,51399,9.21693904021,-0.00091555528428
272,0,51399,9.21693904021,-0.00091555528428
272,0,51399,9.21653772793,-0.00091555528428
273,0,51399,9.21653772793,-0.00091555528428
273,0,51399,9.21653772793,-0.00091555528428
273,0,51399,9.21653772793,-0.00091555528428
274,0,51399,9.21653772793,-0.00091555528428
274,0,51399,9.21653772793,6.1037018952e-05
274,0,51399,9.21613641566,-0.00091555528428
275,0,51399,9.21653772793,-0.00091555528428
275,0,51399,9.21613641566,-0.00091555528428
275,0,51399,9.21613641566,-0.00091555528428
276,0,51399,9.21613641566,-0.00091555528428
276,0,51399,9.21613641566,-0.00091555528428
276,0,51399,9.21613641566,-0.00091555528428
277,0,51399,9.21573510338,-0.00091555528428
277,0,51399,9.2153337911,-0.00091555528428
277,0,51399,9.2153337911,-0.00091555528428
278,0,51399,9.2153337911,-0.00091555528428
278,0,51399,9.2153337911,-0.00091555528428
278,0,51399,9.2153337911,-0.00091555528428
279,0,51399,9.2153337911,-0.00091555528428
279,0,51399,9.21493247883,-0.00091555528428
279,0,51399,9.21493247883,-0.00091555528428
280,0,51399,9.2153337911,-0.00091555528428
280,0,51399,9.21493247883,-0.00091555528428
280,0,51399,9.2153337911,-0.00091555528428
281,0,51399,9.21493247883,-0.00091555528428
281,0,51399,9.21453116655,-0.00091555528428
281,0,51399,9.21453116655,-0.00091555528428
282,0,51399,9.21453116655,-0.00091555528428
282,0,51399,9.21453116655,-0.00091555528428
282,0,51399,9.21453116655,-0.00091555528428
283,0,51399,9.21412985428,-0.00091555528428
283,0,51399,9.21412985428,-0.00091555528428
283,0,51399,9.21412985428,-0.00091555528428
284,0,51399,9.21412985428,-0.00091555528428
284,0,51399,9.21412985428,-0.00091555528428
284,0,51399,9.21412985428,-0.00091555528428
285,0,51399,9.213728542,-0.00091555528428
285,0,51399,9.213728542,-0.00091555528428
285,0,51399,9.213728542,-0.00091555528428
286,0,51399,9.21332722972,-0.00091555528428
286,0,51399,9.213728542,-0.00091555528428
286,0,51399,9.21332722972,-0.00091555528428
287,0,51399,9.21332722972,-0.00091555528428
287,0,51399,9.21332722972,-0.00091555528428
288,0,51399,9.213728542,-0.00091555528428
288,0,51399,9.21332722972,-0.00091555528428
288,0,51399,9.21332722972,-0.00091555528428
289,0,51399,9.21292591745,-0.00091555528428
289,0,51399,9.21292591745,-0.00091555528428
289,0,51399,9.21292591745,-0.00091555528428
290,0,51399,9.21252460517,-0.00091555528428
290,0,51399,9.21292591745,-0.00091555528428
290,0,51399,9.21252460517,-0.00091555528428
291,0,51399,9.21252460517,-0.00091555528428
291,0,51399,9.21252460517,-0.00091555528428
291,0,51399,9.21252460517,-0.00091555528428
292,0,51399,9.2121232929,-0.00091555528428
292,0,51399,9.21252460517,-0.00091555528428
292,0,51399,9.2121232929,-0.00091555528428
293,0,51399,9.2121232929,-0.00091555528428
293,0,51399,9.2121232929,-0.00091555528428
293,0,51399,9.21252460517,-0.00091555528428
294,0,51399,9.21172198062,-0.00091555528428
294,0,51399,9.2121232929,-0.00091555528428
294,0,51399,9.2121232929,-0.00091555528428
295,0,51399,9.21172198062,-0.00091555528428
295,0,51399,9.2121232929,-0.00091555528428
295,0,51399,9.21172198062,-0.00091555528428
296,0,51399,9.21132066835,-0.00091555528428
296,0,51399,9.21132066835,-0.00091555528428
296,0,51399,9.21132066835,-0.00091555528428
297,0,51399,9.21132066835,-0.00091555528428
297,0,51399,9.21132066835,-0.00091555528428
297,0,51399,9.21132066835,-0.00091555528428
298,0,51399,9.21132066835,-0.00091555528428
298,0,51399,9.21132066835,-0.00091555528428
298,0,51399,9.21091935607,-0.00091555528428
299,0,51399,9.21091935607,-0.00091555528428
299,0,51399,9.21091935607,-0.00091555528428
299,0,51399,9.21051804379,-0.00091555528428
300,0,51399,9.21051804379,-0.00091555528428
300,0,51399,9.21091935607,-0.00091555528428
300,0,51399,9.21051804379,-0.00091555528428
301,0,51399,9.21051804379,-0.00091555528428
301,0,51399,9.21051804379,-0.00091555528428
301,0,51399,9.21051804379,-0.00091555528428
302,0,51399,9.21011673152,-0.00091555528428
302,0,51399,9.21091935607,-0.00091555528428
302,0,51399,9.21011673152,-0.00091555528428
303,0,51399,9.21011673152,-0.00091555528428
303,0,51399,9.21051804379,-0.00091555528428
303,0,51399,9.21051804379,-0.00091555528428
304,0,51399,9.20971541924,-0.00091555528428
304,0,51399,9.20971541924,-0.00091555528428
304,0,51399,9.20971541924,-0.00091555528428
305,0,51399,9.20971541924,-0.00091555528428
305,0,51399,9.20971541924,-0.00091555528428
305,0,51399,9.20931410697,-0.00091555528428
306,0,51399,9.20931410697,-0.00091555528428
306,0,51399,9.20971541924,-0.00091555528428
306,0,51399,9.20931410697,-0.00091555528428
307,0,51399,9.20931410697,-0.00091555528428
307,0,51399,9.20931410697,-0.00091555528428
307,0,51399,9.20891279469,-0.00091555528428
308,0,51399,9.20891279469,-0.00091555528428
308,0,51399,9.20891279469,-0.00091555528428
308,0,51399,9.20931410697,-0.00091555528428
309,0,51399,9.20891279469,-0.00091555528428
309,0,51399,9.20851148241,-0.00091555528428
309,0,51399,9.20851148241,-0.00091555528428
310,0,51399,9.20891279469,-0.00091555528428
310,0,51399,9.20891279469,-0.00091555528428
310,0,51399,9.20851148241,-0.00091555528428
311,0,51399,9.20851148241,-0.00091555528428
311,0,51399,9.20811017014,-0.00091555528428
311,0,51399,9.20891279469,-0.00091555528428
312,0,51399,9.20811017014,-0.00091555528428
312,0,51399,9.20811017014,-0.00091555528428
312,0,51399,9.20811017014,-0.00091555528428
313,0,51399,9.20811017014,-0.00091555528428
313,0,51399,9.20811017014,-0.00091555528428
313,0,51399,9.20770885786,-0.00091555528428
314,0,51399,9.20770885786,-0.00091555528428
314,0,51399,9.20770885786,-0.00091555528428
314,0,51399,9.20730754559,-0.00091555528428
315,0,51399,9.20730754559,-0.00091555528428
315,0,51399,9.20770885786,-0.00091555528428
315,0,51399,9.20730754559,-0.00091555528428
316,0,51399,9.20730754559,-0.00091555528428
316,0,51399,9.20730754559,-0.00091555528428
316,0,51399,9.20770885786,-0.00091555528428
317,0,51399,9.20690623331,-0.00091555528428
317,0,51399,9.20690623331,-0.00091555528428
317,0,51399,9.20770885786,-0.00091555528428
318,0,51399,9.20690623331,-0.00091555528428
318,0,51399,9.20690623331,-0.00091555528428
318,0,51399,9.20690623331,-0.00091555528428
319,0,51399,9.20650492103,-0.00091555528428
319,0,51399,9.20650492103,-0.00091555528428
319,0,51399,9.20650492103,-0.00091555528428
320,0,51399,9.20650492103,-0.00091555528428
320,0,51399,9.20650492103,-0.00091555528428
320,0,51399,9.20650492103,-0.00091555528428
321,0,51399,9.20650492103,-0.00091555528428
321,0,51399,9.20610360876,-0.00091555528428
321,0,51399,9.20650492103,-0.00091555528428
322,0,51399,9.20610360876,-0.00091555528428
322,0,51399,9.20610360876,-0.00091555528428
322,0,51399,9.20610360876,-0.00091555528428
323,0,51399,9.20610360876,-0.00091555528428
323,0,51399,9.20570229648,-0.00091555528428
324,0,51399,9.20570229648,-0.00091555528428
324,0,51399,9.20570229648,-0.00091555528428
324,0,51399,9.20570229648,-0.00091555528428
325,0,51399,9.20570229648,-0.00091555528428
325,0,51399,9.20570229648,-0.00091555528428
325,0,51399,9.20610360876,-0.00091555528428
326,0,51399,9.20530098421,-0.00091555528428
326,0,51399,9.20530098421,-0.00091555528428
326,0,51399,9.20530098421,-0.00091555528428
327,0,51399,9.20530098421,6.1037018952e-05
327,0,51399,9.20530098421,-0.00091555528428
327,0,51399,9.20489967193,-0.00091555528428
328,0,51399,9.20489967193,-0.00091555528428
328,0,51399,9.20489967193,-0.00091555528428
328,0,51399,9.20489967193,-0.00091555528428
329,0,51399,9.20489967193,-0.00091555528428
329,0,51399,9.20489967193,-0.00091555528428
329,0,51399,9.20489967193,-0.00091555528428
