Minutes Index | Status Register | Accumulated Charge | Voltage | Current
0.00, 8, 62068, 8.918, -0.648
high limit exceeded - Reset Threshold
0.25, 0, 62064, 8.918, -0.648
0.51, 0, 62059, 8.918, -0.648
0.76, 0, 62055, 8.918, -0.648
1.01, 0, 62050, 8.918, -0.648
1.26, 0, 62046, 8.918, -0.648
1.52, 0, 62041, 8.918, -0.648
1.77, 0, 62037, 8.918, -0.648
2.02, 0, 62032, 8.918, -0.648
2.28, 0, 62028, 8.918, -0.648
2.53, 0, 62023, 8.918, -0.648
193.16, 0, 62019, 8.918, -0.648
193.41, 0, 62014, 8.918, -0.648
193.66, 0, 62010, 8.918, -0.648
193.91, 0, 62005, 8.918, -0.648
194.17, 0, 62001, 8.918, -0.648
194.42, 0, 61996, 8.918, -0.648
194.67, 0, 61992, 8.918, -0.648
194.92, 0, 61987, 8.918, -0.648
195.18, 0, 61983, 8.918, -0.648
195.43, 0, 61978, 8.918, -0.648
195.68, 0, 61973, 8.918, -0.648
195.94, 0, 61969, 8.918, -0.648
196.19, 0, 61964, 8.918, -0.648
196.44, 0, 61960, 8.918, -0.648
196.69, 0, 61955, 8.918, -0.648
196.95, 0, 61951, 8.918, -0.648
197.20, 0, 61946, 8.918, -0.648
197.45, 0, 61942, 8.918, -0.648
197.71, 0, 61937, 8.918, -0.648
197.96, 0, 61932, 8.918, -0.648
198.21, 0, 61928, 8.918, -0.648
198.46, 0, 61923, 8.918, -0.648
198.72, 0, 61919, 8.918, -0.648
198.97, 0, 61914, 8.918, -0.648
199.22, 0, 61910, 8.918, -0.648
199.47, 0, 61905, 8.918, -0.648
199.73, 0, 61900, 8.918, -0.648
199.98, 0, 61896, 8.918, -0.648
200.23, 0, 61891, 8.918, -0.648
200.49, 0, 61887, 8.918, -0.648
200.74, 0, 61882, 8.918, -0.648
200.99, 0, 61878, 8.918, -0.648
201.24, 0, 61873, 8.918, -0.648
201.50, 0, 61868, 8.918, -0.648
201.75, 0, 61864, 8.918, -0.648
202.00, 0, 61859, 8.918, -0.648
202.26, 0, 61855, 8.918, -0.648
202.51, 0, 61850, 8.918, -0.648
202.76, 0, 61845, 8.918, -0.648
203.01, 0, 61841, 8.918, -0.648
203.27, 0, 61836, 8.918, -0.648
203.52, 0, 61832, 8.918, -0.648
203.77, 0, 61827, 8.918, -0.648
204.02, 0, 61822, 8.918, -0.648
204.28, 0, 61818, 8.918, -0.648
204.53, 0, 61813, 8.918, -0.648
204.78, 0, 61809, 8.918, -0.648
205.04, 0, 61804, 8.918, -0.648
205.29, 0, 61799, 8.918, -0.648
205.54, 0, 61795, 8.918, -0.648
205.79, 0, 61790, 8.918, -0.648
206.05, 0, 61786, 8.918, -0.648
206.30, 0, 61781, 8.918, -0.648
206.55, 0, 61776, 8.918, -0.648
206.81, 0, 61772, 8.918, -0.648
207.06, 0, 61767, 8.918, -0.648
207.31, 0, 61763, 8.918, -0.648
207.56, 0, 61758, 8.918, -0.648
207.82, 0, 61753, 8.918, -0.648
208.07, 0, 61749, 8.918, -0.648
208.32, 0, 61744, 8.918, -0.648
208.58, 0, 61740, 8.918, -0.648
208.83, 0, 61735, 8.918, -0.648
209.08, 0, 61730, 8.918, -0.648
209.33, 0, 61726, 8.918, -0.648
209.59, 0, 61721, 8.918, -0.648
209.84, 0, 61717, 8.918, -0.648
210.09, 0, 61712, 8.918, -0.648
210.34, 0, 61707, 8.918, -0.648
210.60, 0, 61703, 8.918, -0.648
210.85, 0, 61698, 8.918, -0.648
211.10, 0, 61694, 8.918, -0.648
211.36, 0, 61689, 8.918, -0.648
211.61, 0, 61684, 8.918, -0.648
211.86, 0, 61680, 8.918, -0.648
212.11, 0, 61675, 8.918, -0.648
212.37, 0, 61670, 8.918, -0.648
212.62, 0, 61666, 8.918, -0.648
212.87, 0, 61661, 8.918, -0.648
213.13, 0, 61656, 8.918, -0.648
213.38, 0, 61652, 8.918, -0.648
213.63, 0, 61647, 8.918, -0.648
213.88, 0, 61643, 8.918, -0.648
214.14, 0, 61638, 8.918, -0.648
214.39, 0, 61633, 8.918, -0.648
214.64, 0, 61629, 8.918, -0.648
214.89, 0, 61624, 8.918, -0.648
215.15, 0, 61619, 8.918, -0.648
215.40, 0, 61615, 8.918, -0.648
215.65, 0, 61610, 8.918, -0.648
215.91, 0, 61605, 8.918, -0.648
216.16, 0, 61601, 8.918, -0.648
216.41, 0, 61596, 8.918, -0.648
216.66, 0, 61591, 8.918, -0.648
216.92, 0, 61587, 8.918, -0.648
217.17, 0, 61582, 8.918, -0.648
217.42, 0, 61577, 8.918, -0.648
217.68, 0, 61573, 8.918, -0.648
217.93, 0, 61568, 8.918, -0.648
218.18, 0, 61563, 8.918, -0.648
218.43, 0, 61559, 8.918, -0.648
218.69, 0, 61554, 8.918, -0.648
218.94, 0, 61549, 8.918, -0.648
219.19, 0, 61545, 8.918, -0.648
219.44, 0, 61540, 8.918, -0.648
219.70, 0, 61535, 8.918, -0.648
219.95, 0, 61531, 8.918, -0.648
220.20, 0, 61526, 8.918, -0.648
220.46, 0, 61521, 8.918, -0.648
220.71, 0, 61517, 8.918, -0.648
220.96, 0, 61512, 8.918, -0.648
221.21, 0, 61507, 8.918, -0.648
221.47, 0, 61503, 8.918, -0.648
221.72, 0, 61498, 8.918, -0.648
221.97, 0, 61493, 8.918, -0.648
222.23, 0, 61488, 8.918, -0.648
222.48, 0, 61484, 8.918, -0.648
222.73, 0, 61479, 8.918, -0.648
222.98, 0, 61474, 8.918, -0.648
223.24, 0, 61470, 8.918, -0.648
223.49, 0, 61465, 8.918, -0.648
223.74, 0, 61460, 8.918, -0.648
223.99, 0, 61455, 8.918, -0.648
224.25, 0, 61450, 8.918, -0.648
224.50, 0, 61446, 8.918, -0.648
224.75, 0, 61441, 8.918, -0.648
225.01, 0, 61436, 8.918, -0.648
225.26, 0, 61431, 8.918, -0.648
225.51, 0, 61427, 8.918, -0.648
225.76, 0, 61422, 8.918, -0.648
226.02, 0, 61417, 8.918, -0.648
226.27, 0, 61413, 8.918, -0.648
226.52, 0, 61408, 8.918, -0.648
226.77, 0, 61403, 8.918, -0.648
227.03, 0, 61398, 8.918, -0.648
227.28, 0, 61394, 8.918, -0.648
227.53, 0, 61389, 8.918, -0.648
227.79, 0, 61384, 8.918, -0.648
228.04, 0, 61379, 8.918, -0.648
228.29, 0, 61375, 8.918, -0.648
228.54, 0, 61370, 8.918, -0.648
228.80, 0, 61365, 8.918, -0.648
229.05, 0, 61360, 8.918, -0.648
229.30, 0, 61356, 8.918, -0.648
229.55, 0, 61351, 8.918, -0.648
229.81, 0, 61346, 8.918, -0.648
230.06, 0, 61341, 8.918, -0.648
230.31, 0, 61337, 8.918, -0.648
230.57, 0, 61332, 8.918, -0.648
230.82, 0, 61327, 8.918, -0.648
231.07, 0, 61323, 8.918, -0.648
231.32, 0, 61318, 8.918, -0.648
231.58, 0, 61313, 8.918, -0.648
231.83, 0, 61308, 8.918, -0.648
232.08, 0, 61304, 8.918, -0.648
232.33, 0, 61299, 8.918, -0.648
232.59, 0, 61294, 8.918, -0.648
232.84, 0, 61290, 8.918, -0.648
233.09, 0, 61285, 8.918, -0.648
233.35, 0, 61280, 8.918, -0.648
233.60, 0, 61275, 8.918, -0.648
233.85, 0, 61271, 8.918, -0.648
234.10, 0, 61266, 8.918, -0.648
234.36, 0, 61261, 8.918, -0.648
234.61, 0, 61256, 8.918, -0.648
234.86, 0, 61252, 8.918, -0.648
235.11, 0, 61247, 8.918, -0.648
235.37, 0, 61242, 8.918, -0.648
235.62, 0, 61237, 8.918, -0.648
235.87, 0, 61233, 8.918, -0.648
236.13, 0, 61228, 8.918, -0.648
236.38, 0, 61223, 8.918, -0.648
236.63, 0, 61218, 8.918, -0.648
236.88, 0, 61213, 8.918, -0.648
237.14, 0, 61209, 8.918, -0.648
237.39, 0, 61204, 8.918, -0.648
237.64, 0, 61199, 8.918, -0.648
237.89, 0, 61194, 8.918, -0.648
238.15, 0, 61190, 8.918, -0.648
238.40, 0, 61185, 8.918, -0.648
238.65, 0, 61180, 8.918, -0.648
238.91, 0, 61175, 8.918, -0.648
239.16, 0, 61171, 8.918, -0.648
239.41, 0, 61166, 8.918, -0.648
239.66, 0, 61161, 8.918, -0.648
239.92, 0, 61156, 8.918, -0.648
240.17, 0, 61151, 8.918, -0.648
240.42, 0, 61147, 8.918, -0.648
240.68, 0, 61142, 8.918, -0.648
240.93, 0, 61137, 8.918, -0.648
241.18, 0, 61132, 8.918, -0.648
241.43, 0, 61128, 8.918, -0.648
241.69, 0, 61123, 8.918, -0.648
241.94, 0, 61118, 8.918, -0.648
242.19, 0, 61113, 8.918, -0.648
242.45, 0, 61109, 8.918, -0.648
242.70, 0, 61104, 8.918, -0.648
242.95, 0, 61099, 8.918, -0.648
243.20, 0, 61094, 8.918, -0.648
243.46, 0, 61089, 8.918, -0.648
243.71, 0, 61085, 8.918, -0.648
243.96, 0, 61080, 8.918, -0.648
244.22, 0, 61075, 8.918, -0.648
244.47, 0, 61070, 8.918, -0.648
244.72, 0, 61066, 8.918, -0.648
244.97, 0, 61061, 8.918, -0.648
245.23, 0, 61056, 8.918, -0.648
245.48, 0, 61051, 8.918, -0.648
245.73, 0, 61046, 8.918, -0.648
245.98, 0, 61042, 8.918, -0.648
246.24, 0, 61037, 8.918, -0.648
246.49, 0, 61032, 8.918, -0.648
246.74, 0, 61027, 8.918, -0.648
246.99, 0, 61023, 8.918, -0.648
247.25, 0, 61018, 8.918, -0.648
247.50, 0, 61013, 8.918, -0.648
247.75, 0, 61008, 8.918, -0.648
248.01, 0, 61003, 8.918, -0.648
248.26, 0, 60999, 8.918, -0.648
248.51, 0, 60994, 8.918, -0.648
248.76, 0, 60989, 8.918, -0.648
249.02, 0, 60984, 8.918, -0.648
249.27, 0, 60980, 8.918, -0.648
249.52, 0, 60975, 8.918, -0.648
249.78, 0, 60970, 8.918, -0.648
250.03, 0, 60965, 8.918, -0.648
250.28, 0, 60961, 8.918, -0.648
250.53, 0, 60956, 8.918, -0.648
250.79, 0, 60951, 8.918, -0.648
251.04, 0, 60946, 8.918, -0.648
251.29, 0, 60942, 8.918, -0.648
251.54, 0, 60937, 8.918, -0.648
251.80, 0, 60932, 8.918, -0.648
252.05, 0, 60927, 8.918, -0.648
252.30, 0, 60923, 8.918, -0.648
252.56, 0, 60918, 8.918, -0.648
252.81, 0, 60913, 8.918, -0.648
253.06, 0, 60908, 8.918, -0.648
253.31, 0, 60903, 8.918, -0.648
253.57, 0, 60899, 8.918, -0.648
253.82, 0, 60894, 8.918, -0.648
254.07, 0, 60889, 8.918, -0.648
254.33, 0, 60884, 8.918, -0.648
254.58, 0, 60880, 8.918, -0.648
254.83, 0, 60875, 8.918, -0.648
255.08, 0, 60870, 8.918, -0.648
255.34, 0, 60865, 8.918, -0.648
255.59, 0, 60860, 8.918, -0.648
255.84, 0, 60855, 8.918, -0.648
256.10, 0, 60851, 8.918, -0.648
256.35, 0, 60846, 8.918, -0.648
256.60, 0, 60841, 8.918, -0.648
256.85, 0, 60836, 8.918, -0.648
257.11, 0, 60831, 8.918, -0.648
257.36, 0, 60827, 8.918, -0.648
257.61, 0, 60822, 8.918, -0.648
257.86, 0, 60817, 8.918, -0.648
258.12, 0, 60812, 8.918, -0.648
258.37, 0, 60807, 8.918, -0.648
258.62, 0, 60803, 8.918, -0.648
258.87, 0, 60798, 8.918, -0.648
259.13, 0, 60793, 8.918, -0.648
259.38, 0, 60788, 8.918, -0.648
259.63, 0, 60783, 8.918, -0.648
259.89, 0, 60779, 8.918, -0.648
260.14, 0, 60774, 8.918, -0.648
260.39, 0, 60769, 8.918, -0.648
260.64, 0, 60764, 8.918, -0.648
260.90, 0, 60759, 8.918, -0.648
261.15, 0, 60754, 8.918, -0.648
261.40, 0, 60750, 8.918, -0.648
261.66, 0, 60745, 8.918, -0.648
261.91, 0, 60740, 8.918, -0.648
262.16, 0, 60735, 8.918, -0.648
262.41, 0, 60730, 8.918, -0.648
262.67, 0, 60726, 8.918, -0.648
262.92, 0, 60721, 8.918, -0.648
263.17, 0, 60716, 8.918, -0.648
263.42, 0, 60711, 8.918, -0.648
263.68, 0, 60706, 8.918, -0.648
263.93, 0, 60701, 8.918, -0.648
264.18, 0, 60697, 8.918, -0.648
264.44, 0, 60692, 8.918, -0.648
264.69, 0, 60687, 8.918, -0.648
264.94, 0, 60682, 8.918, -0.648
265.19, 0, 60677, 8.918, -0.648
265.45, 0, 60672, 8.918, -0.648
265.70, 0, 60668, 8.918, -0.648
265.95, 0, 60663, 8.918, -0.648
266.20, 0, 60658, 8.918, -0.648
266.46, 0, 60653, 8.918, -0.648
266.71, 0, 60648, 8.918, -0.648
266.96, 0, 60643, 8.918, -0.648
267.22, 0, 60638, 8.918, -0.648
267.47, 0, 60633, 8.918, -0.648
267.72, 0, 60628, 8.918, -0.648
267.97, 0, 60624, 8.918, -0.648
268.23, 0, 60619, 8.918, -0.648
268.48, 0, 60614, 8.918, -0.648
268.73, 0, 60609, 8.918, -0.648
268.98, 0, 60604, 8.918, -0.648
269.24, 0, 60600, 8.918, -0.648
269.49, 0, 60595, 8.918, -0.648
269.74, 0, 60590, 8.918, -0.648
270.00, 0, 60585, 8.918, -0.648
270.25, 0, 60580, 8.918, -0.648
270.50, 0, 60575, 8.918, -0.648
270.75, 0, 60571, 8.918, -0.648
271.01, 0, 60566, 8.918, -0.648
271.26, 0, 60561, 8.918, -0.648
271.51, 0, 60556, 8.918, -0.648
271.77, 0, 60551, 8.918, -0.648
272.02, 0, 60546, 8.918, -0.648
272.27, 0, 60542, 8.918, -0.648
272.52, 0, 60537, 8.918, -0.648
272.78, 0, 60532, 8.918, -0.648
273.03, 0, 60527, 8.918, -0.648
273.28, 0, 60522, 8.918, -0.648
273.54, 0, 60517, 8.918, -0.648
273.79, 0, 60513, 8.918, -0.648
274.04, 0, 60508, 8.918, -0.648
274.29, 0, 60503, 8.918, -0.648
274.55, 0, 60498, 8.918, -0.648
274.80, 0, 60493, 8.918, -0.648
275.05, 0, 60488, 8.918, -0.648
275.31, 0, 60483, 8.918, -0.648
275.56, 0, 60479, 8.918, -0.648
275.81, 0, 60474, 8.918, -0.648
276.06, 0, 60469, 8.918, -0.648
276.32, 0, 60464, 8.918, -0.648
276.57, 0, 60459, 8.918, -0.648
276.82, 0, 60454, 8.918, -0.648
277.07, 0, 60449, 8.918, -0.648
277.33, 0, 60444, 8.918, -0.648
277.58, 0, 60440, 8.918, -0.648
277.83, 0, 60435, 8.918, -0.648
278.09, 0, 60430, 8.918, -0.648
278.34, 0, 60425, 8.918, -0.648
278.59, 0, 60420, 8.918, -0.648
278.84, 0, 60415, 8.918, -0.648
279.10, 0, 60410, 8.918, -0.648
279.35, 0, 60406, 8.918, -0.648
279.60, 0, 60401, 8.918, -0.648
279.85, 0, 60396, 8.918, -0.648
280.11, 0, 60391, 8.918, -0.648
280.36, 0, 60386, 8.918, -0.648
280.61, 0, 60381, 8.918, -0.648
280.87, 0, 60376, 8.918, -0.648
281.12, 0, 60372, 8.918, -0.648
281.37, 0, 60367, 8.918, -0.648
281.62, 0, 60362, 8.918, -0.648
281.88, 0, 60357, 8.918, -0.648
282.13, 0, 60352, 8.918, -0.648
282.38, 0, 60347, 8.918, -0.648
282.64, 0, 60342, 8.918, -0.648
282.89, 0, 60338, 8.918, -0.648
283.14, 0, 60333, 8.918, -0.648
283.39, 0, 60328, 8.918, -0.648
283.65, 0, 60323, 8.918, -0.648
283.90, 0, 60318, 8.918, -0.648
284.15, 0, 60313, 8.918, -0.648
284.40, 0, 60308, 8.918, -0.648
284.66, 0, 60303, 8.918, -0.648
284.91, 0, 60299, 8.918, -0.648
285.16, 0, 60294, 8.918, -0.648
285.42, 0, 60289, 8.918, -0.648
285.67, 0, 60284, 8.918, -0.648
285.92, 0, 60279, 8.918, -0.648
286.17, 0, 60274, 8.918, -0.648
286.43, 0, 60269, 8.918, -0.648
286.68, 0, 60265, 8.918, -0.648
286.93, 0, 60260, 8.918, -0.648
287.19, 0, 60255, 8.918, -0.648
287.44, 0, 60250, 8.918, -0.648
287.69, 0, 60245, 8.918, -0.648
287.94, 0, 60240, 8.918, -0.648
288.20, 0, 60235, 8.918, -0.648
288.45, 0, 60230, 8.918, -0.648
288.70, 0, 60225, 8.918, -0.648
288.95, 0, 60221, 8.918, -0.648
289.21, 0, 60216, 8.918, -0.648
289.46, 0, 60211, 8.918, -0.648
289.71, 0, 60206, 8.918, -0.648
289.96, 0, 60201, 8.918, -0.648
290.22, 0, 60196, 8.918, -0.648
290.47, 0, 60191, 8.918, -0.648
290.72, 0, 60186, 8.918, -0.648
290.97, 0, 60181, 8.918, -0.648
291.23, 0, 60176, 8.918, -0.648
291.48, 0, 60172, 8.918, -0.648
291.73, 0, 60167, 8.918, -0.648
291.99, 0, 60162, 8.918, -0.648
292.24, 0, 60157, 8.918, -0.648
292.49, 0, 60152, 8.918, -0.648
292.74, 0, 60147, 8.918, -0.648
293.00, 0, 60142, 8.918, -0.648
293.25, 0, 60137, 8.918, -0.648
293.50, 0, 60132, 8.918, -0.648
293.76, 0, 60127, 8.918, -0.648
294.01, 0, 60123, 8.918, -0.648
294.26, 0, 60118, 8.918, -0.648
294.51, 0, 60113, 8.918, -0.648
294.77, 0, 60108, 8.918, -0.648
295.02, 0, 60103, 8.918, -0.648
295.27, 0, 60098, 8.918, -0.648
295.52, 0, 60093, 8.918, -0.648
295.78, 0, 60088, 8.918, -0.648
296.03, 0, 60084, 8.918, -0.648
296.28, 0, 60079, 8.918, -0.648
296.54, 0, 60074, 8.918, -0.648
296.79, 0, 60069, 8.918, -0.648
297.04, 0, 60064, 8.918, -0.648
297.29, 0, 60059, 8.918, -0.648
297.55, 0, 60054, 8.918, -0.648
297.80, 0, 60049, 8.918, -0.648
298.05, 0, 60045, 8.918, -0.648
298.30, 0, 60040, 8.918, -0.648
298.56, 0, 60035, 8.918, -0.648
298.81, 0, 60030, 8.918, -0.648
299.06, 0, 60025, 8.918, -0.648
299.32, 0, 60020, 8.918, -0.648
299.57, 0, 60015, 8.918, -0.648
299.82, 0, 60010, 8.918, -0.648
300.07, 0, 60005, 8.918, -0.648
300.33, 0, 60001, 8.918, -0.648
300.58, 0, 59996, 8.918, -0.648
300.83, 0, 59991, 8.918, -0.648
301.09, 0, 59986, 8.918, -0.648
301.34, 0, 59981, 8.918, -0.648
301.59, 0, 59976, 8.918, -0.648
301.84, 0, 59971, 8.918, -0.648
302.10, 0, 59967, 8.918, -0.648
302.35, 0, 59962, 8.918, -0.648
302.60, 0, 59957, 8.918, -0.648
302.85, 0, 59952, 8.918, -0.648
303.11, 0, 59947, 8.918, -0.648
303.36, 0, 59942, 8.918, -0.648
303.61, 0, 59937, 8.918, -0.648
303.87, 0, 59933, 8.918, -0.648
304.12, 0, 59928, 8.918, -0.648
304.37, 0, 59923, 8.918, -0.648
304.62, 0, 59918, 8.918, -0.648
304.88, 0, 59913, 8.918, -0.648
305.13, 0, 59908, 8.918, -0.648
305.38, 0, 59903, 8.918, -0.648
305.64, 0, 59898, 8.918, -0.648
305.89, 0, 59894, 8.918, -0.648
306.14, 0, 59889, 8.918, -0.648
306.39, 0, 59884, 8.918, -0.648
306.65, 0, 59879, 8.918, -0.648
306.90, 0, 59874, 8.918, -0.648
307.15, 0, 59869, 8.918, -0.648
307.41, 0, 59864, 8.918, -0.648
307.66, 0, 59859, 8.918, -0.648
307.91, 0, 59854, 8.918, -0.648
308.16, 0, 59849, 8.918, -0.648
308.42, 0, 59845, 8.918, -0.648
308.67, 0, 59840, 8.918, -0.648
308.92, 0, 59835, 8.918, -0.648
309.17, 0, 59830, 8.918, -0.648
309.43, 0, 59825, 8.918, -0.648
309.68, 0, 59820, 8.918, -0.648
309.93, 0, 59815, 8.918, -0.648
310.19, 0, 59810, 8.918, -0.648
310.44, 0, 59805, 8.918, -0.648
310.69, 0, 59800, 8.918, -0.648
310.94, 0, 59796, 8.918, -0.648
311.20, 0, 59791, 8.918, -0.648
311.45, 0, 59786, 8.918, -0.648
311.70, 0, 59781, 8.918, -0.648
311.95, 0, 59776, 8.918, -0.648
312.21, 0, 59771, 8.918, -0.648
312.46, 0, 59766, 8.918, -0.648
312.71, 0, 59761, 8.918, -0.648
312.97, 0, 59756, 8.918, -0.648
313.22, 0, 59751, 8.918, -0.648
313.47, 0, 59746, 8.918, -0.648
313.72, 0, 59741, 8.918, -0.648
313.98, 0, 59737, 8.918, -0.648
314.23, 0, 59732, 8.918, -0.648
314.48, 0, 59727, 8.918, -0.648
314.74, 0, 59722, 8.918, -0.648
314.99, 0, 59717, 8.918, -0.648
315.24, 0, 59712, 8.918, -0.648
315.49, 0, 59707, 8.918, -0.648
315.75, 0, 59702, 8.918, -0.648
316.00, 0, 59698, 8.918, -0.648
316.25, 0, 59693, 8.918, -0.648
316.50, 0, 59688, 8.918, -0.648
316.76, 0, 59683, 8.918, -0.648
317.01, 0, 59678, 8.918, -0.648
317.26, 0, 59673, 8.918, -0.648
317.52, 0, 59668, 8.918, -0.648
317.77, 0, 59664, 8.918, -0.648
318.02, 0, 59659, 8.918, -0.648
318.27, 0, 59654, 8.918, -0.648
318.53, 0, 59649, 8.918, -0.648
318.78, 0, 59644, 8.918, -0.648
319.03, 0, 59639, 8.918, -0.648
319.28, 0, 59634, 8.918, -0.648
319.54, 0, 59629, 8.918, -0.648
319.79, 0, 59625, 8.918, -0.648
320.04, 0, 59620, 8.918, -0.648
320.30, 0, 59615, 8.918, -0.648
320.55, 0, 59610, 8.918, -0.648
320.80, 0, 59605, 8.918, -0.648
321.05, 0, 59600, 8.918, -0.648
321.31, 0, 59595, 8.918, -0.648
321.56, 0, 59590, 8.918, -0.648
321.81, 0, 59585, 8.918, -0.648
322.07, 0, 59581, 8.918, -0.648
322.32, 0, 59576, 8.918, -0.648
322.57, 0, 59571, 8.918, -0.648
322.82, 0, 59566, 8.918, -0.648
323.08, 0, 59561, 8.918, -0.648
323.33, 0, 59556, 8.918, -0.648
323.58, 0, 59551, 8.918, -0.648
323.83, 0, 59546, 8.918, -0.648
324.09, 0, 59541, 8.918, -0.648
324.34, 0, 59536, 8.918, -0.648
324.59, 0, 59531, 8.918, -0.648
324.85, 0, 59527, 8.918, -0.648
325.10, 0, 59521, 8.918, -0.648
325.35, 0, 59517, 8.918, -0.648
325.60, 0, 59512, 8.918, -0.648
325.86, 0, 59507, 8.918, -0.648
326.11, 0, 59502, 8.918, -0.648
326.36, 0, 59497, 8.918, -0.648
326.62, 0, 59492, 8.918, -0.648
326.87, 0, 59487, 8.918, -0.648
327.12, 0, 59482, 8.918, -0.648
327.37, 0, 59477, 8.918, -0.648
327.62, 0, 59473, 8.918, -0.648
327.88, 0, 59468, 8.918, -0.648
328.13, 0, 59463, 8.918, -0.648
328.38, 0, 59458, 8.918, -0.648
328.64, 0, 59453, 8.918, -0.648
328.89, 0, 59448, 8.918, -0.648
329.14, 0, 59443, 8.918, -0.648
329.39, 0, 59438, 8.918, -0.648
329.65, 0, 59433, 8.918, -0.648
329.90, 0, 59428, 8.918, -0.648
330.15, 0, 59424, 8.918, -0.648
330.41, 0, 59418, 8.918, -0.648
330.66, 0, 59414, 8.918, -0.648
330.91, 0, 59408, 8.918, -0.648
331.16, 0, 59404, 8.918, -0.648
331.42, 0, 59399, 8.918, -0.648
331.67, 0, 59394, 8.918, -0.648
331.92, 0, 59388, 8.918, -0.648
332.17, 0, 59384, 8.918, -0.648
332.43, 0, 59379, 8.918, -0.648
332.68, 0, 59374, 8.918, -0.648
332.93, 0, 59369, 8.918, -0.648
333.19, 0, 59364, 8.918, -0.648
333.44, 0, 59359, 8.918, -0.648
333.69, 0, 59354, 8.918, -0.648
333.94, 0, 59349, 8.918, -0.648
334.20, 0, 59344, 8.918, -0.648
334.45, 0, 59339, 8.918, -0.648
334.70, 0, 59334, 8.918, -0.648
334.96, 0, 59329, 8.918, -0.648
335.21, 0, 59324, 8.918, -0.648
335.46, 0, 59320, 8.918, -0.648
335.71, 0, 59315, 8.918, -0.648
335.97, 0, 59310, 8.918, -0.648
336.22, 0, 59305, 8.918, -0.648
336.47, 0, 59300, 8.918, -0.648
336.72, 0, 59295, 8.918, -0.648
336.98, 0, 59290, 8.918, -0.648
337.23, 0, 59285, 8.918, -0.648
337.48, 0, 59280, 8.918, -0.648
337.74, 0, 59275, 8.918, -0.648
337.99, 0, 59270, 8.918, -0.648
338.24, 0, 59265, 8.918, -0.648
338.49, 0, 59260, 8.918, -0.648
338.75, 0, 59256, 8.918, -0.648
339.00, 0, 59251, 8.918, -0.648
339.25, 0, 59246, 8.918, -0.648
339.50, 0, 59241, 8.918, -0.648
339.76, 0, 59236, 8.918, -0.648
340.01, 0, 59231, 8.918, -0.648
340.26, 0, 59226, 8.918, -0.648
340.52, 0, 59221, 8.918, -0.648
340.77, 0, 59216, 8.918, -0.648
341.02, 0, 59211, 8.918, -0.648
341.27, 0, 59206, 8.918, -0.648
341.53, 0, 59201, 8.918, -0.648
341.78, 0, 59196, 8.918, -0.648
342.03, 0, 59191, 8.918, -0.648
342.29, 0, 59187, 8.918, -0.648
342.54, 0, 59182, 8.918, -0.648
342.79, 0, 59177, 8.918, -0.648
343.04, 0, 59172, 8.918, -0.648
343.30, 0, 59167, 8.918, -0.648
343.55, 0, 59162, 8.918, -0.648
343.80, 0, 59157, 8.918, -0.648
344.05, 0, 59152, 8.918, -0.648
344.31, 0, 59147, 8.918, -0.648
344.56, 0, 59142, 8.918, -0.648
344.81, 0, 59137, 8.918, -0.648
345.07, 0, 59132, 8.918, -0.648
345.32, 0, 59128, 8.918, -0.648
345.57, 0, 59123, 8.918, -0.648
345.82, 0, 59118, 8.918, -0.648
346.08, 0, 59113, 8.918, -0.648
346.33, 0, 59108, 8.918, -0.648
346.58, 0, 59103, 8.918, -0.648
346.83, 0, 59098, 8.918, -0.648
347.09, 0, 59093, 8.918, -0.648
347.34, 0, 59088, 8.918, -0.648
347.59, 0, 59083, 8.918, -0.648
347.85, 0, 59078, 8.918, -0.648
348.10, 0, 59073, 8.918, -0.648
348.35, 0, 59068, 8.918, -0.648
348.60, 0, 59064, 8.918, -0.648
348.86, 0, 59059, 8.918, -0.648
349.11, 0, 59054, 8.918, -0.648
349.36, 0, 59049, 8.918, -0.648
349.62, 0, 59044, 8.918, -0.648
349.87, 0, 59039, 8.918, -0.648
350.12, 0, 59034, 8.918, -0.648
350.37, 0, 59029, 8.918, -0.648
350.63, 0, 59024, 8.918, -0.648
350.88, 0, 59019, 8.918, -0.648
351.13, 0, 59014, 8.918, -0.648
351.39, 0, 59009, 8.918, -0.648
351.64, 0, 59005, 8.918, -0.648
351.89, 0, 59000, 8.918, -0.648
352.14, 0, 58995, 8.918, -0.648
352.40, 0, 58990, 8.918, -0.648
352.65, 0, 58985, 8.918, -0.648
352.90, 0, 58980, 8.918, -0.648
353.15, 0, 58975, 8.918, -0.648
353.41, 0, 58970, 8.918, -0.648
353.66, 0, 58965, 8.918, -0.648
353.91, 0, 58960, 8.918, -0.648
354.17, 0, 58955, 8.918, -0.648
354.42, 0, 58950, 8.918, -0.648
354.67, 0, 58945, 8.918, -0.648
354.92, 0, 58940, 8.918, -0.648
355.18, 0, 58935, 8.918, -0.648
355.43, 0, 58930, 8.918, -0.648
355.68, 0, 58926, 8.918, -0.648
355.93, 0, 58921, 8.918, -0.648
356.19, 0, 58916, 8.918, -0.648
356.44, 0, 58911, 8.918, -0.648
356.69, 0, 58906, 8.918, -0.648
356.95, 0, 58901, 8.918, -0.648
357.20, 0, 58896, 8.918, -0.648
357.45, 0, 58891, 8.918, -0.648
357.70, 0, 58886, 8.918, -0.648
357.96, 0, 58881, 8.918, -0.648
358.21, 0, 58877, 8.918, -0.648
358.46, 0, 58872, 8.918, -0.648
358.72, 0, 58867, 8.918, -0.648
358.97, 0, 58862, 8.918, -0.648
359.22, 0, 58857, 8.918, -0.648
359.47, 0, 58852, 8.918, -0.648
359.73, 0, 58847, 8.918, -0.648
359.98, 0, 58842, 8.918, -0.648
360.23, 0, 58837, 8.918, -0.648
360.48, 0, 58832, 8.918, -0.648
360.74, 0, 58827, 8.918, -0.648
360.99, 0, 58823, 8.918, -0.648
361.24, 0, 58818, 8.918, -0.648
361.50, 0, 58813, 8.918, -0.648
361.75, 0, 58808, 8.918, -0.648
362.00, 0, 58803, 8.918, -0.648
362.25, 0, 58798, 8.918, -0.648
362.51, 0, 58793, 8.918, -0.648
362.76, 0, 58788, 8.918, -0.648
363.01, 0, 58783, 8.918, -0.648
363.27, 0, 58778, 8.918, -0.648
363.52, 0, 58773, 8.918, -0.648
363.77, 0, 58768, 8.918, -0.648
364.02, 0, 58763, 8.918, -0.648
364.28, 0, 58758, 8.918, -0.648
364.53, 0, 58753, 8.918, -0.648
364.78, 0, 58748, 8.918, -0.648
365.03, 0, 58744, 8.918, -0.648
365.29, 0, 58739, 8.918, -0.648
365.54, 0, 58734, 8.918, -0.648
365.79, 0, 58729, 8.918, -0.648
366.05, 0, 58724, 8.918, -0.648
366.30, 0, 58719, 8.918, -0.648
366.55, 0, 58714, 8.918, -0.648
366.80, 0, 58709, 8.918, -0.648
367.06, 0, 58704, 8.918, -0.648
367.31, 0, 58699, 8.918, -0.648
367.56, 0, 58694, 8.918, -0.648
367.82, 0, 58690, 8.918, -0.648
368.07, 0, 58685, 8.918, -0.648
368.32, 0, 58680, 8.918, -0.648
368.57, 0, 58675, 8.918, -0.648
368.83, 0, 58670, 8.918, -0.648
369.08, 0, 58665, 8.918, -0.648
369.33, 0, 58660, 8.918, -0.648
369.58, 0, 58655, 8.918, -0.648
369.84, 0, 58650, 8.918, -0.648
370.09, 0, 58645, 8.918, -0.648
370.34, 0, 58640, 8.918, -0.648
370.60, 0, 58636, 8.918, -0.648
370.85, 0, 58631, 8.918, -0.648
371.10, 0, 58626, 8.918, -0.648
371.35, 0, 58621, 8.918, -0.648
371.61, 0, 58615, 8.918, -0.648
371.86, 0, 58611, 8.918, -0.648
372.11, 0, 58606, 8.918, -0.648
372.37, 0, 58600, 8.918, -0.648
372.62, 0, 58596, 8.918, -0.648
372.87, 0, 58591, 8.918, -0.648
373.12, 0, 58586, 8.918, -0.648
373.38, 0, 58581, 8.918, -0.648
373.63, 0, 58576, 8.918, -0.648
373.88, 0, 58571, 8.918, -0.648
374.14, 0, 58566, 8.918, -0.648
374.39, 0, 58561, 8.918, -0.648
374.64, 0, 58556, 8.918, -0.648
374.89, 0, 58551, 8.918, -0.648
375.15, 0, 58546, 8.918, -0.648
375.40, 0, 58541, 8.918, -0.648
375.65, 0, 58536, 8.918, -0.648
375.91, 0, 58532, 8.918, -0.648
376.16, 0, 58527, 8.918, -0.648
376.41, 0, 58522, 8.918, -0.648
376.66, 0, 58517, 8.918, -0.648
376.92, 0, 58512, 8.918, -0.648
377.17, 0, 58507, 8.918, -0.648
377.42, 0, 58502, 8.918, -0.648
377.67, 0, 58497, 8.918, -0.648
377.93, 0, 58492, 8.918, -0.648
378.18, 0, 58487, 8.918, -0.648
378.43, 0, 58482, 8.918, -0.648
378.69, 0, 58477, 8.918, -0.648
378.94, 0, 58472, 8.918, -0.648
379.19, 0, 58468, 8.918, -0.648
379.44, 0, 58462, 8.918, -0.648
379.70, 0, 58458, 8.918, -0.648
379.95, 0, 58453, 8.918, -0.648
380.20, 0, 58448, 8.918, -0.648
380.46, 0, 58443, 8.918, -0.648
380.71, 0, 58438, 8.918, -0.648
380.96, 0, 58433, 8.918, -0.648
381.21, 0, 58428, 8.918, -0.648
381.47, 0, 58423, 8.918, -0.648
381.72, 0, 58418, 8.918, -0.648
381.97, 0, 58414, 8.918, -0.648
382.22, 0, 58409, 8.918, -0.648
382.48, 0, 58404, 8.918, -0.648
382.73, 0, 58399, 8.918, -0.648
382.98, 0, 58394, 8.918, -0.648
383.24, 0, 58389, 8.918, -0.648
383.49, 0, 58384, 8.918, -0.648
383.74, 0, 58379, 8.918, -0.648
383.99, 0, 58375, 8.918, -0.648
384.25, 0, 58370, 8.918, -0.648
384.50, 0, 58365, 8.918, -0.648
384.75, 0, 58360, 8.918, -0.648
385.00, 0, 58355, 8.918, -0.648
385.26, 0, 58350, 8.918, -0.648
385.51, 0, 58345, 8.918, -0.648
385.76, 0, 58340, 8.918, -0.648
386.02, 0, 58335, 8.918, -0.648
386.27, 0, 58331, 8.918, -0.648
386.52, 0, 58326, 8.918, -0.648
386.77, 0, 58321, 8.918, -0.648
387.03, 0, 58316, 8.918, -0.648
387.28, 0, 58311, 8.918, -0.648
387.53, 0, 58306, 8.918, -0.648
387.78, 0, 58301, 8.918, -0.648
388.04, 0, 58296, 8.918, -0.648
388.29, 0, 58292, 8.918, -0.648
388.54, 0, 58287, 8.918, -0.648
388.80, 0, 58282, 8.918, -0.648
389.05, 0, 58277, 8.918, -0.648
389.30, 0, 58272, 8.918, -0.648
389.55, 0, 58267, 8.918, -0.648
389.81, 0, 58262, 8.918, -0.648
390.06, 0, 58257, 8.918, -0.648
390.31, 0, 58252, 8.918, -0.648
390.57, 0, 58248, 8.918, -0.648
390.82, 0, 58243, 8.918, -0.648
391.07, 0, 58238, 8.918, -0.648
391.32, 0, 58233, 8.918, -0.648
391.58, 0, 58228, 8.918, -0.648
391.83, 0, 58223, 8.918, -0.648
392.08, 0, 58218, 8.918, -0.648
392.33, 0, 58213, 8.918, -0.648
392.59, 0, 58208, 8.918, -0.648
392.84, 0, 58204, 8.918, -0.648
393.09, 0, 58199, 8.918, -0.648
393.35, 0, 58194, 8.918, -0.648
393.60, 0, 58189, 8.918, -0.648
393.85, 0, 58184, 8.918, -0.648
394.10, 0, 58179, 8.918, -0.648
394.36, 0, 58174, 8.918, -0.648
394.61, 0, 58169, 8.918, -0.648
394.86, 0, 58164, 8.918, -0.648
395.11, 0, 58159, 8.918, -0.648
395.37, 0, 58155, 8.918, -0.648
395.62, 0, 58150, 8.918, -0.648
395.87, 0, 58145, 8.918, -0.648
396.13, 0, 58140, 8.918, -0.648
396.38, 0, 58135, 8.918, -0.648
396.63, 0, 58130, 8.918, -0.648
396.88, 0, 58125, 8.918, -0.648
397.14, 0, 58120, 8.918, -0.648
397.39, 0, 58115, 8.918, -0.648
397.64, 0, 58110, 8.918, -0.648
397.90, 0, 58106, 8.918, -0.648
398.15, 0, 58101, 8.918, -0.648
398.40, 0, 58096, 8.918, -0.648
398.66, 0, 58091, 8.918, -0.648
398.91, 0, 58086, 8.918, -0.648
399.16, 0, 58081, 8.918, -0.648
399.41, 0, 58076, 8.918, -0.648
399.67, 0, 58071, 8.918, -0.648
399.92, 0, 58066, 8.918, -0.648
400.17, 0, 58061, 8.918, -0.648
400.43, 0, 58057, 8.918, -0.648
400.68, 0, 58052, 8.918, -0.648
400.93, 0, 58047, 8.918, -0.648
401.18, 0, 58042, 8.918, -0.648
401.44, 0, 58037, 8.918, -0.648
401.69, 0, 58032, 8.918, -0.648
401.94, 0, 58027, 8.918, -0.648
402.20, 0, 58022, 8.918, -0.648
402.45, 0, 58017, 8.918, -0.648
402.70, 0, 58013, 8.918, -0.648
402.95, 0, 58008, 8.918, -0.648
403.21, 0, 58003, 8.918, -0.648
403.46, 0, 57998, 8.918, -0.648
403.71, 0, 57993, 8.918, -0.648
403.97, 0, 57988, 8.918, -0.648
404.22, 0, 57983, 8.918, -0.648
404.47, 0, 57979, 8.918, -0.648
404.73, 0, 57974, 8.918, -0.648
404.98, 0, 57969, 8.918, -0.648
405.23, 0, 57964, 8.918, -0.648
405.48, 0, 57959, 8.918, -0.648
405.74, 0, 57954, 8.918, -0.648
405.99, 0, 57949, 8.918, -0.648
406.24, 0, 57944, 8.918, -0.648
406.50, 0, 57940, 8.918, -0.648
406.75, 0, 57935, 8.918, -0.648
407.00, 0, 57930, 8.918, -0.648
407.25, 0, 57925, 8.918, -0.648
407.51, 0, 57920, 8.918, -0.648
407.76, 0, 57915, 8.918, -0.648
408.01, 0, 57910, 8.918, -0.648
408.26, 0, 57905, 8.918, -0.648
408.52, 0, 57901, 8.918, -0.648
408.77, 0, 57896, 8.918, -0.648
409.02, 0, 57891, 8.918, -0.648
409.28, 0, 57886, 8.918, -0.648
409.53, 0, 57881, 8.918, -0.648
409.78, 0, 57876, 8.918, -0.648
410.03, 0, 57871, 8.918, -0.648
410.29, 0, 57866, 8.918, -0.648
410.54, 0, 57861, 8.918, -0.648
410.79, 0, 57857, 8.918, -0.648
411.05, 0, 57852, 8.918, -0.648
411.30, 0, 57847, 8.918, -0.648
411.55, 0, 57842, 8.918, -0.648
411.80, 0, 57837, 8.918, -0.648
412.06, 0, 57832, 8.918, -0.648
412.31, 0, 57827, 8.918, -0.648
412.56, 0, 57822, 8.918, -0.648
412.81, 0, 57817, 8.918, -0.648
413.07, 0, 57813, 8.918, -0.648
413.32, 0, 57808, 8.918, -0.648
413.57, 0, 57803, 8.918, -0.648
413.83, 0, 57798, 8.918, -0.648
414.08, 0, 57793, 8.918, -0.648
414.33, 0, 57788, 8.918, -0.648
414.58, 0, 57783, 8.918, -0.648
414.84, 0, 57778, 8.918, -0.648
415.09, 0, 57773, 8.918, -0.648
415.34, 0, 57769, 8.918, -0.648
415.60, 0, 57764, 8.918, -0.648
415.85, 0, 57759, 8.918, -0.648
416.10, 0, 57754, 8.918, -0.648
416.35, 0, 57749, 8.918, -0.648
416.61, 0, 57744, 8.918, -0.648
416.86, 0, 57739, 8.918, -0.648
417.11, 0, 57734, 8.918, -0.648
417.36, 0, 57729, 8.918, -0.648
417.62, 0, 57724, 8.918, -0.648
417.87, 0, 57719, 8.918, -0.648
418.12, 0, 57715, 8.918, -0.648
418.38, 0, 57710, 8.918, -0.648
418.63, 0, 57705, 8.918, -0.648
418.88, 0, 57700, 8.918, -0.648
419.13, 0, 57695, 8.918, -0.648
419.39, 0, 57690, 8.918, -0.648
419.64, 0, 57685, 8.918, -0.648
419.89, 0, 57680, 8.918, -0.648
420.15, 0, 57675, 8.918, -0.648
420.40, 0, 57670, 8.918, -0.648
420.65, 0, 57666, 8.918, -0.648
420.90, 0, 57661, 8.918, -0.648
421.16, 0, 57656, 8.918, -0.648
421.41, 0, 57651, 8.918, -0.648
421.66, 0, 57646, 8.918, -0.648
421.91, 0, 57641, 8.918, -0.648
422.17, 0, 57636, 8.918, -0.648
422.42, 0, 57631, 8.918, -0.648
422.67, 0, 57626, 8.918, -0.648
422.93, 0, 57622, 8.918, -0.648
423.18, 0, 57617, 8.918, -0.648
423.43, 0, 57612, 8.918, -0.648
423.68, 0, 57607, 8.918, -0.648
423.94, 0, 57602, 8.918, -0.648
424.19, 0, 57597, 8.918, -0.648
424.44, 0, 57592, 8.918, -0.648
424.70, 0, 57587, 8.918, -0.648
424.95, 0, 57583, 8.918, -0.648
425.20, 0, 57578, 8.918, -0.648
425.45, 0, 57573, 8.918, -0.648
425.71, 0, 57568, 8.918, -0.648
425.96, 0, 57563, 8.918, -0.648
426.21, 0, 57558, 8.918, -0.648
426.46, 0, 57553, 8.918, -0.648
426.72, 0, 57548, 8.918, -0.648
426.97, 0, 57544, 8.918, -0.648
427.22, 0, 57539, 8.918, -0.648
427.48, 0, 57534, 8.918, -0.648
427.73, 0, 57529, 8.918, -0.648
427.98, 0, 57524, 8.918, -0.648
428.23, 0, 57519, 8.918, -0.648
428.49, 0, 57514, 8.918, -0.648
428.74, 0, 57509, 8.918, -0.648
428.99, 0, 57505, 8.918, -0.648
429.25, 0, 57500, 8.918, -0.648
429.50, 0, 57495, 8.918, -0.648
429.75, 0, 57490, 8.918, -0.648
430.00, 0, 57485, 8.918, -0.648
430.26, 0, 57480, 8.918, -0.648
430.51, 0, 57475, 8.918, -0.648
430.76, 0, 57470, 8.918, -0.648
431.02, 0, 57466, 8.918, -0.648
431.27, 0, 57461, 8.918, -0.648
431.52, 0, 57456, 8.918, -0.648
431.77, 0, 57451, 8.918, -0.648
432.03, 0, 57446, 8.918, -0.648
432.28, 0, 57441, 8.918, -0.648
432.53, 0, 57436, 8.918, -0.648
432.78, 0, 57431, 8.918, -0.648
433.04, 0, 57426, 8.918, -0.648
433.29, 0, 57422, 8.918, -0.648
433.54, 0, 57417, 8.918, -0.648
433.80, 0, 57412, 8.918, -0.648
434.05, 0, 57407, 8.918, -0.648
434.30, 0, 57402, 8.918, -0.648
434.55, 0, 57397, 8.918, -0.648
434.81, 0, 57392, 8.918, -0.648
435.06, 0, 57387, 8.918, -0.648
435.31, 0, 57383, 8.918, -0.648
435.57, 0, 57378, 8.918, -0.648
435.82, 0, 57373, 8.918, -0.648
436.07, 0, 57368, 8.918, -0.648
436.32, 0, 57363, 8.918, -0.648
436.58, 0, 57358, 8.918, -0.648
436.83, 0, 57353, 8.918, -0.648
437.08, 0, 57348, 8.918, -0.648
437.33, 0, 57343, 8.918, -0.648
437.59, 0, 57338, 8.918, -0.648
437.84, 0, 57334, 8.918, -0.648
438.09, 0, 57329, 8.918, -0.648
438.35, 0, 57324, 8.918, -0.648
438.60, 0, 57319, 8.918, -0.648
438.85, 0, 57314, 8.918, -0.648
439.10, 0, 57309, 8.918, -0.648
439.36, 0, 57304, 8.918, -0.648
439.61, 0, 57299, 8.918, -0.648
439.86, 0, 57294, 8.918, -0.648
440.12, 0, 57290, 8.918, -0.648
440.37, 0, 57285, 8.918, -0.648
440.62, 0, 57280, 8.918, -0.648
440.87, 0, 57275, 8.918, -0.648
441.13, 0, 57270, 8.918, -0.648
441.38, 0, 57265, 8.918, -0.648
441.63, 0, 57260, 8.918, -0.648
441.89, 0, 57255, 8.918, -0.648
442.14, 0, 57250, 8.918, -0.648
442.39, 0, 57246, 8.918, -0.648
442.64, 0, 57241, 8.918, -0.648
442.90, 0, 57236, 8.918, -0.648
443.15, 0, 57231, 8.918, -0.648
443.40, 0, 57226, 8.918, -0.648
443.65, 0, 57221, 8.918, -0.648
443.91, 0, 57216, 8.918, -0.648
444.16, 0, 57211, 8.918, -0.648
444.41, 0, 57206, 8.918, -0.648
444.67, 0, 57202, 8.918, -0.648
444.92, 0, 57197, 8.918, -0.648
445.17, 0, 57192, 8.918, -0.648
445.42, 0, 57187, 8.918, -0.648
445.68, 0, 57182, 8.918, -0.648
445.93, 0, 57177, 8.918, -0.648
446.18, 0, 57172, 8.918, -0.648
446.44, 0, 57167, 8.918, -0.648
446.69, 0, 57163, 8.918, -0.648
446.94, 0, 57158, 8.918, -0.648
447.19, 0, 57153, 8.918, -0.648
447.45, 0, 57148, 8.918, -0.648
447.70, 0, 57143, 8.918, -0.648
447.95, 0, 57138, 8.918, -0.648
448.20, 0, 57133, 8.918, -0.648
448.46, 0, 57129, 8.918, -0.648
448.71, 0, 57124, 8.918, -0.648
448.96, 0, 57119, 8.918, -0.648
449.22, 0, 57114, 8.918, -0.648
449.47, 0, 57109, 8.918, -0.648
449.72, 0, 57104, 8.918, -0.648
449.97, 0, 57099, 8.918, -0.648
450.23, 0, 57094, 8.918, -0.648
450.48, 0, 57090, 8.918, -0.648
450.73, 0, 57085, 8.918, -0.648
450.99, 0, 57080, 8.918, -0.648
451.24, 0, 57075, 8.918, -0.648
451.49, 0, 57070, 8.918, -0.648
451.74, 0, 57065, 8.918, -0.648
452.00, 0, 57060, 8.918, -0.648
452.25, 0, 57056, 8.918, -0.648
452.50, 0, 57051, 8.918, -0.648
452.76, 0, 57046, 8.918, -0.648
453.01, 0, 57041, 8.918, -0.648
453.26, 0, 57036, 8.918, -0.648
453.51, 0, 57031, 8.918, -0.648
453.77, 0, 57026, 8.918, -0.648
454.02, 0, 57021, 8.918, -0.648
454.27, 0, 57017, 8.918, -0.648
454.52, 0, 57012, 8.918, -0.648
454.78, 0, 57007, 8.918, -0.648
455.03, 0, 57002, 8.918, -0.648
455.28, 0, 56997, 8.918, -0.648
455.54, 0, 56992, 8.918, -0.648
455.79, 0, 56987, 8.918, -0.648
456.04, 0, 56982, 8.918, -0.648
456.29, 0, 56977, 8.918, -0.648
456.55, 0, 56973, 8.918, -0.648
456.80, 0, 56968, 8.918, -0.648
457.05, 0, 56963, 8.918, -0.648
457.31, 0, 56958, 8.918, -0.648
457.56, 0, 56953, 8.918, -0.648
457.81, 0, 56948, 8.918, -0.648
458.06, 0, 56943, 8.918, -0.648
458.32, 0, 56938, 8.918, -0.648
458.57, 0, 56934, 8.918, -0.648
458.82, 0, 56929, 8.918, -0.648
459.08, 0, 56924, 8.918, -0.648
459.33, 0, 56919, 8.918, -0.648
459.58, 0, 56914, 8.918, -0.648
459.83, 0, 56909, 8.918, -0.648
460.09, 0, 56904, 8.918, -0.648
460.34, 0, 56899, 8.918, -0.648
460.59, 0, 56894, 8.918, -0.648
460.84, 0, 56890, 8.918, -0.648
461.10, 0, 56885, 8.918, -0.648
461.35, 0, 56880, 8.918, -0.648
461.60, 0, 56875, 8.918, -0.648
461.86, 0, 56870, 8.918, -0.648
462.11, 0, 56865, 8.918, -0.648
462.36, 0, 56860, 8.918, -0.648
462.61, 0, 56855, 8.918, -0.648
462.87, 0, 56850, 8.918, -0.648
463.12, 0, 56846, 8.918, -0.648
463.37, 0, 56841, 8.918, -0.648
463.62, 0, 56836, 8.918, -0.648
463.88, 0, 56831, 8.918, -0.648
464.13, 0, 56826, 8.918, -0.648
464.38, 0, 56821, 8.918, -0.648
464.64, 0, 56816, 8.918, -0.648
464.89, 0, 56811, 8.918, -0.648
465.14, 0, 56806, 8.918, -0.648
465.39, 0, 56801, 8.918, -0.648
465.65, 0, 56797, 8.918, -0.648
465.90, 0, 56792, 8.918, -0.648
466.15, 0, 56787, 8.918, -0.648
466.41, 0, 56782, 8.918, -0.648
466.66, 0, 56777, 8.918, -0.648
466.91, 0, 56772, 8.918, -0.648
467.16, 0, 56767, 8.918, -0.648
467.42, 0, 56762, 8.918, -0.648
467.67, 0, 56757, 8.918, -0.648
467.92, 0, 56753, 8.918, -0.648
468.17, 0, 56748, 8.918, -0.648
468.43, 0, 56743, 8.918, -0.648
468.68, 0, 56738, 8.918, -0.648
468.93, 0, 56733, 8.918, -0.648
469.19, 0, 56728, 8.918, -0.648
469.44, 0, 56723, 8.918, -0.648
469.69, 0, 56718, 8.918, -0.648
469.94, 0, 56714, 8.918, -0.648
470.20, 0, 56709, 8.918, -0.648
470.45, 0, 56704, 8.918, -0.648
470.70, 0, 56699, 8.918, -0.648
470.96, 0, 56694, 8.918, -0.648
471.21, 0, 56689, 8.918, -0.648
471.46, 0, 56684, 8.918, -0.648
471.71, 0, 56679, 8.918, -0.648
471.97, 0, 56675, 8.918, -0.648
472.22, 0, 56670, 8.918, -0.648
472.47, 0, 56665, 8.918, -0.648
472.73, 0, 56660, 8.918, -0.648
472.98, 0, 56655, 8.918, -0.648
473.23, 0, 56650, 8.918, -0.648
473.48, 0, 56645, 8.918, -0.648
473.74, 0, 56641, 8.918, -0.648
473.99, 0, 56636, 8.918, -0.648
474.24, 0, 56631, 8.918, -0.648
474.49, 0, 56626, 8.918, -0.648
474.75, 0, 56621, 8.918, -0.648
475.00, 0, 56616, 8.918, -0.648
475.25, 0, 56611, 8.918, -0.648
475.51, 0, 56607, 8.918, -0.648
475.76, 0, 56602, 8.918, -0.648
476.01, 0, 56597, 8.918, -0.648
476.26, 0, 56592, 8.918, -0.648
476.52, 0, 56587, 8.918, -0.648
476.77, 0, 56582, 8.918, -0.648
477.02, 0, 56577, 8.918, -0.648
477.28, 0, 56572, 8.918, -0.648
477.53, 0, 56568, 8.918, -0.648
477.78, 0, 56563, 8.918, -0.648
478.03, 0, 56558, 8.918, -0.648
478.29, 0, 56553, 8.918, -0.648
478.54, 0, 56548, 8.918, -0.648
478.79, 0, 56543, 8.918, -0.648
479.04, 0, 56538, 8.918, -0.648
479.30, 0, 56533, 8.918, -0.648
479.55, 0, 56529, 8.918, -0.648
479.80, 0, 56524, 8.918, -0.648
480.06, 0, 56519, 8.918, -0.648
480.31, 0, 56514, 8.918, -0.648
480.56, 0, 56509, 8.918, -0.648
480.81, 0, 56504, 8.918, -0.648
481.07, 0, 56499, 8.918, -0.648
481.32, 0, 56494, 8.918, -0.648
481.57, 0, 56489, 8.918, -0.648
481.83, 0, 56485, 8.918, -0.648
482.08, 0, 56480, 8.918, -0.648
482.33, 0, 56475, 8.918, -0.648
482.58, 0, 56470, 8.918, -0.648
482.84, 0, 56465, 8.918, -0.648
483.09, 0, 56460, 8.918, -0.648
483.34, 0, 56455, 8.918, -0.648
483.59, 0, 56450, 8.918, -0.648
483.85, 0, 56445, 8.918, -0.648
484.10, 0, 56440, 8.918, -0.648
484.35, 0, 56436, 8.918, -0.648
484.61, 0, 56431, 8.918, -0.648
484.86, 0, 56426, 8.918, -0.648
485.11, 0, 56421, 8.918, -0.648
485.36, 0, 56416, 8.918, -0.648
485.62, 0, 56411, 8.918, -0.648
485.87, 0, 56406, 8.918, -0.648
486.12, 0, 56401, 8.918, -0.648
486.38, 0, 56396, 8.918, -0.648
486.63, 0, 56392, 8.918, -0.648
486.88, 0, 56387, 8.918, -0.648
487.13, 0, 56382, 8.918, -0.648
487.39, 0, 56377, 8.918, -0.648
487.64, 0, 56372, 8.918, -0.648
487.89, 0, 56367, 8.918, -0.648
488.14, 0, 56362, 8.918, -0.648
488.40, 0, 56357, 8.918, -0.648
488.65, 0, 56352, 8.918, -0.648
488.90, 0, 56347, 8.918, -0.648
489.16, 0, 56343, 8.918, -0.648
489.41, 0, 56338, 8.918, -0.648
489.66, 0, 56333, 8.918, -0.648
489.91, 0, 56328, 8.918, -0.648
490.17, 0, 56323, 8.918, -0.648
490.42, 0, 56318, 8.918, -0.648
490.67, 0, 56313, 8.918, -0.648
490.93, 0, 56308, 8.918, -0.648
491.18, 0, 56304, 8.918, -0.648
491.43, 0, 56299, 8.918, -0.648
491.68, 0, 56294, 8.918, -0.648
491.94, 0, 56289, 8.918, -0.648
492.19, 0, 56284, 8.918, -0.648
492.44, 0, 56279, 8.918, -0.648
492.69, 0, 56274, 8.918, -0.648
492.95, 0, 56269, 8.918, -0.648
493.20, 0, 56264, 8.918, -0.648
493.45, 0, 56260, 8.918, -0.648
493.71, 0, 56255, 8.918, -0.648
493.96, 0, 56250, 8.918, -0.648
494.21, 0, 56245, 8.918, -0.648
494.46, 0, 56240, 8.918, -0.648
494.72, 0, 56235, 8.918, -0.648
494.97, 0, 56230, 8.918, -0.648
495.22, 0, 56225, 8.918, -0.648
495.48, 0, 56221, 8.918, -0.648
495.73, 0, 56216, 8.918, -0.648
495.98, 0, 56211, 8.918, -0.648
496.23, 0, 56206, 8.918, -0.648
496.49, 0, 56201, 8.918, -0.648
496.74, 0, 56196, 8.918, -0.648
496.99, 0, 56191, 8.918, -0.648
497.24, 0, 56186, 8.918, -0.648
497.50, 0, 56182, 8.918, -0.648
497.75, 0, 56177, 8.918, -0.648
498.00, 0, 56172, 8.918, -0.648
498.26, 0, 56167, 8.918, -0.648
498.51, 0, 56162, 8.918, -0.648
498.76, 0, 56157, 8.918, -0.648
499.01, 0, 56152, 8.918, -0.648
499.27, 0, 56147, 8.918, -0.648
499.52, 0, 56142, 8.918, -0.648
499.77, 0, 56138, 8.918, -0.648
500.03, 0, 56133, 8.918, -0.648
500.28, 0, 56128, 8.918, -0.648
500.53, 0, 56123, 8.918, -0.648
500.78, 0, 56118, 8.918, -0.648
501.04, 0, 56113, 8.918, -0.648
501.29, 0, 56108, 8.918, -0.648
501.54, 0, 56103, 8.918, -0.648
501.80, 0, 56098, 8.918, -0.648
502.05, 0, 56094, 8.918, -0.648
502.30, 0, 56089, 8.918, -0.648
502.55, 0, 56084, 8.918, -0.648
502.81, 0, 56079, 8.918, -0.648
503.06, 0, 56074, 8.918, -0.648
503.31, 0, 56069, 8.918, -0.648
503.56, 0, 56064, 8.918, -0.648
503.82, 0, 56059, 8.918, -0.648
504.07, 0, 56054, 8.918, -0.648
504.32, 0, 56050, 8.918, -0.648
504.58, 0, 56045, 8.918, -0.648
504.83, 0, 56040, 8.918, -0.648
505.08, 0, 56035, 8.918, -0.648
505.33, 0, 56030, 8.918, -0.648
505.59, 0, 56025, 8.918, -0.648
505.84, 0, 56020, 8.918, -0.648
506.09, 0, 56015, 8.918, -0.648
506.35, 0, 56010, 8.918, -0.648
506.60, 0, 56006, 8.918, -0.648
506.85, 0, 56001, 8.918, -0.648
507.10, 0, 55996, 8.918, -0.648
507.36, 0, 55991, 8.918, -0.648
507.61, 0, 55986, 8.918, -0.648
507.86, 0, 55981, 8.918, -0.648
508.12, 0, 55976, 8.918, -0.648
508.37, 0, 55971, 8.918, -0.648
508.62, 0, 55966, 8.918, -0.648
508.87, 0, 55961, 8.918, -0.648
509.13, 0, 55957, 8.918, -0.648
509.38, 0, 55952, 8.918, -0.648
509.63, 0, 55947, 8.918, -0.648
509.88, 0, 55942, 8.918, -0.648
510.14, 0, 55937, 8.918, -0.648
510.39, 0, 55932, 8.918, -0.648
510.64, 0, 55927, 8.918, -0.648
510.90, 0, 55922, 8.918, -0.648
511.15, 0, 55917, 8.918, -0.648
511.40, 0, 55912, 8.918, -0.648
511.65, 0, 55908, 8.918, -0.648
511.91, 0, 55903, 8.918, -0.648
512.16, 0, 55898, 8.918, -0.648
512.41, 0, 55893, 8.918, -0.648
512.67, 0, 55888, 8.918, -0.648
512.92, 0, 55883, 8.918, -0.648
513.17, 0, 55878, 8.918, -0.648
513.42, 0, 55873, 8.918, -0.648
513.68, 0, 55868, 8.918, -0.648
513.93, 0, 55864, 8.918, -0.648
514.18, 0, 55859, 8.918, -0.648
514.43, 0, 55854, 8.918, -0.648
514.69, 0, 55849, 8.918, -0.648
514.94, 0, 55844, 8.918, -0.648
515.19, 0, 55839, 8.918, -0.648
515.45, 0, 55834, 8.918, -0.648
515.70, 0, 55829, 8.918, -0.648
515.95, 0, 55825, 8.918, -0.648
516.20, 0, 55820, 8.918, -0.648
516.46, 0, 55815, 8.918, -0.648
516.71, 0, 55810, 8.918, -0.648
516.96, 0, 55805, 8.918, -0.648
517.22, 0, 55800, 8.918, -0.648
517.47, 0, 55795, 8.918, -0.648
517.72, 0, 55791, 8.918, -0.648
517.97, 0, 55786, 8.918, -0.648
518.23, 0, 55781, 8.918, -0.648
518.48, 0, 55776, 8.918, -0.648
518.73, 0, 55771, 8.918, -0.648
518.98, 0, 55766, 8.918, -0.648
519.24, 0, 55761, 8.918, -0.648
519.49, 0, 55756, 8.918, -0.648
519.74, 0, 55752, 8.918, -0.648
520.00, 0, 55747, 8.918, -0.648
520.25, 0, 55742, 8.918, -0.648
520.50, 0, 55737, 8.918, -0.648
520.75, 0, 55732, 8.918, -0.648
521.01, 0, 55727, 8.918, -0.648
521.26, 0, 55722, 8.918, -0.648
521.51, 0, 55717, 8.918, -0.648
521.77, 0, 55713, 8.918, -0.648
522.02, 0, 55708, 8.918, -0.648
522.27, 0, 55703, 8.918, -0.648
522.52, 0, 55698, 8.918, -0.648
522.78, 0, 55693, 8.918, -0.648
523.03, 0, 55688, 8.918, -0.648
523.28, 0, 55683, 8.918, -0.648
523.54, 0, 55678, 8.918, -0.648
523.79, 0, 55673, 8.918, -0.648
524.04, 0, 55669, 8.918, -0.648
524.29, 0, 55664, 8.918, -0.648
524.55, 0, 55659, 8.918, -0.648
524.80, 0, 55654, 8.918, -0.648
525.05, 0, 55649, 8.918, -0.648
525.30, 0, 55644, 8.918, -0.648
525.56, 0, 55639, 8.918, -0.648
525.81, 0, 55634, 8.918, -0.648
526.06, 0, 55630, 8.918, -0.648
526.32, 0, 55625, 8.918, -0.648
526.57, 0, 55620, 8.918, -0.648
526.82, 0, 55615, 8.918, -0.648
527.07, 0, 55610, 8.918, -0.648
527.33, 0, 55605, 8.918, -0.648
527.58, 0, 55600, 8.918, -0.648
527.83, 0, 55595, 8.918, -0.648
528.09, 0, 55590, 8.918, -0.648
528.34, 0, 55586, 8.918, -0.648
528.59, 0, 55581, 8.918, -0.648
528.84, 0, 55576, 8.918, -0.648
529.10, 0, 55571, 8.918, -0.648
529.35, 0, 55566, 8.918, -0.648
529.60, 0, 55561, 8.918, -0.648
529.85, 0, 55556, 8.918, -0.648
530.11, 0, 55551, 8.918, -0.648
530.36, 0, 55546, 8.918, -0.648
530.61, 0, 55542, 8.918, -0.648
530.87, 0, 55537, 8.918, -0.648
531.12, 0, 55532, 8.918, -0.648
531.37, 0, 55527, 8.918, -0.648
531.62, 0, 55522, 8.918, -0.648
531.88, 0, 55517, 8.918, -0.648
532.13, 0, 55512, 8.918, -0.648
532.38, 0, 55507, 8.918, -0.648
532.64, 0, 55502, 8.918, -0.648
532.89, 0, 55497, 8.918, -0.648
533.14, 0, 55493, 8.918, -0.648
533.39, 0, 55488, 8.918, -0.648
533.65, 0, 55483, 8.918, -0.648
533.90, 0, 55478, 8.918, -0.648
534.15, 0, 55473, 8.918, -0.648
534.40, 0, 55468, 8.918, -0.648
534.66, 0, 55463, 8.918, -0.648
534.91, 0, 55458, 8.918, -0.648
535.16, 0, 55453, 8.918, -0.648
535.42, 0, 55448, 8.918, -0.648
535.67, 0, 55444, 8.918, -0.648
535.92, 0, 55439, 8.918, -0.648
536.17, 0, 55434, 8.918, -0.648
536.43, 0, 55429, 8.918, -0.648
536.68, 0, 55424, 8.918, -0.648
536.93, 0, 55419, 8.918, -0.648
537.19, 0, 55414, 8.918, -0.648
537.44, 0, 55409, 8.918, -0.648
537.69, 0, 55404, 8.918, -0.648
537.94, 0, 55399, 8.918, -0.648
538.20, 0, 55395, 8.918, -0.648
538.45, 0, 55390, 8.918, -0.648
538.70, 0, 55385, 8.918, -0.648
538.95, 0, 55380, 8.918, -0.648
539.21, 0, 55375, 8.918, -0.648
539.46, 0, 55370, 8.918, -0.648
539.71, 0, 55365, 8.918, -0.648
539.97, 0, 55360, 8.918, -0.648
540.22, 0, 55356, 8.918, -0.648
540.47, 0, 55351, 8.918, -0.648
540.72, 0, 55346, 8.918, -0.648
540.98, 0, 55341, 8.918, -0.648
541.23, 0, 55336, 8.918, -0.648
541.48, 0, 55331, 8.918, -0.648
541.74, 0, 55326, 8.918, -0.648
541.99, 0, 55321, 8.918, -0.648
542.24, 0, 55317, 8.918, -0.648
542.49, 0, 55312, 8.918, -0.648
542.75, 0, 55307, 8.918, -0.648
543.00, 0, 55302, 8.918, -0.648
543.25, 0, 55297, 8.918, -0.648
543.50, 0, 55292, 8.918, -0.648
543.76, 0, 55287, 8.918, -0.648
544.01, 0, 55282, 8.918, -0.648
544.26, 0, 55278, 8.918, -0.648
544.52, 0, 55273, 8.918, -0.648
544.77, 0, 55268, 8.918, -0.648
545.02, 0, 55263, 8.918, -0.648
545.27, 0, 55258, 8.918, -0.648
545.53, 0, 55253, 8.918, -0.648
545.78, 0, 55248, 8.918, -0.648
546.03, 0, 55243, 8.918, -0.648
546.29, 0, 55238, 8.918, -0.648
546.54, 0, 55234, 8.918, -0.648
546.79, 0, 55229, 8.918, -0.648
547.04, 0, 55224, 8.918, -0.648
547.30, 0, 55219, 8.918, -0.648
547.55, 0, 55214, 8.918, -0.648
547.80, 0, 55209, 8.918, -0.648
548.05, 0, 55204, 8.918, -0.648
548.31, 0, 55199, 8.918, -0.648
548.56, 0, 55195, 8.918, -0.648
548.81, 0, 55190, 8.918, -0.648
549.07, 0, 55185, 8.918, -0.648
549.32, 0, 55180, 8.918, -0.648
549.57, 0, 55175, 8.918, -0.648
549.82, 0, 55170, 8.918, -0.648
550.08, 0, 55165, 8.918, -0.648
550.33, 0, 55160, 8.918, -0.648
550.58, 0, 55155, 8.918, -0.648
550.84, 0, 55151, 8.918, -0.648
551.09, 0, 55146, 8.918, -0.648
551.34, 0, 55141, 8.918, -0.648
551.59, 0, 55136, 8.918, -0.648
551.85, 0, 55131, 8.918, -0.648
552.10, 0, 55126, 8.918, -0.648
552.35, 0, 55121, 8.918, -0.648
552.60, 0, 55116, 8.918, -0.648
552.86, 0, 55111, 8.918, -0.648
553.11, 0, 55106, 8.918, -0.648
553.36, 0, 55102, 8.918, -0.648
553.62, 0, 55097, 8.918, -0.648
553.87, 0, 55092, 8.918, -0.648
554.12, 0, 55087, 8.918, -0.648
554.37, 0, 55082, 8.918, -0.648
554.63, 0, 55077, 8.918, -0.648
554.88, 0, 55072, 8.918, -0.648
555.13, 0, 55067, 8.918, -0.648
555.39, 0, 55062, 8.918, -0.648
555.64, 0, 55057, 8.918, -0.648
555.89, 0, 55053, 8.918, -0.648
556.14, 0, 55048, 8.918, -0.648
556.40, 0, 55043, 8.918, -0.648
556.65, 0, 55038, 8.918, -0.648
556.90, 0, 55033, 8.918, -0.648
557.15, 0, 55028, 8.918, -0.648
557.41, 0, 55023, 8.918, -0.648
557.66, 0, 55018, 8.918, -0.648
557.91, 0, 55013, 8.918, -0.648
558.17, 0, 55008, 8.918, -0.648
558.42, 0, 55003, 8.918, -0.648
558.67, 0, 54999, 8.918, -0.648
558.92, 0, 54994, 8.918, -0.648
559.18, 0, 54989, 8.918, -0.648
559.43, 0, 54984, 8.918, -0.648
559.68, 0, 54979, 8.918, -0.648
559.94, 0, 54974, 8.918, -0.648
560.19, 0, 54969, 8.918, -0.648
560.44, 0, 54964, 8.918, -0.648
560.69, 0, 54959, 8.918, -0.648
560.95, 0, 54954, 8.918, -0.648
561.20, 0, 54950, 8.918, -0.648
561.45, 0, 54945, 8.918, -0.648
561.70, 0, 54940, 8.918, -0.648
561.96, 0, 54935, 8.918, -0.648
562.21, 0, 54930, 8.918, -0.648
562.46, 0, 54925, 8.918, -0.648
562.72, 0, 54920, 8.918, -0.648
562.97, 0, 54915, 8.918, -0.648
563.22, 0, 54910, 8.918, -0.648
563.47, 0, 54906, 8.918, -0.648
563.73, 0, 54901, 8.918, -0.648
563.98, 0, 54896, 8.918, -0.648
564.23, 0, 54891, 8.918, -0.648
564.49, 0, 54886, 8.918, -0.648
564.74, 0, 54881, 8.918, -0.648
564.99, 0, 54876, 8.918, -0.648
565.24, 0, 54872, 8.918, -0.648
565.50, 0, 54867, 8.918, -0.648
565.75, 0, 54862, 8.918, -0.648
566.00, 0, 54857, 8.918, -0.648
566.25, 0, 54852, 8.918, -0.648
566.51, 0, 54847, 8.918, -0.648
566.76, 0, 54842, 8.918, -0.648
567.01, 0, 54837, 8.918, -0.648
567.27, 0, 54833, 8.918, -0.648
567.52, 0, 54828, 8.918, -0.648
567.77, 0, 54823, 8.918, -0.648
568.02, 0, 54818, 8.918, -0.648
568.28, 0, 54813, 8.918, -0.648
568.53, 0, 54808, 8.918, -0.648
568.78, 0, 54803, 8.918, -0.648
569.03, 0, 54798, 8.918, -0.648
569.29, 0, 54794, 8.918, -0.648
569.54, 0, 54789, 8.918, -0.648
569.79, 0, 54784, 8.918, -0.648
570.05, 0, 54779, 8.918, -0.648
570.30, 0, 54774, 8.918, -0.648
570.55, 0, 54769, 8.918, -0.648
570.80, 0, 54764, 8.918, -0.648
571.06, 0, 54759, 8.918, -0.648
571.31, 0, 54754, 8.918, -0.648
571.56, 0, 54750, 8.918, -0.648
571.82, 0, 54745, 8.918, -0.648
572.07, 0, 54740, 8.918, -0.648
572.32, 0, 54735, 8.918, -0.648
572.57, 0, 54730, 8.918, -0.648
572.83, 0, 54725, 8.918, -0.648
573.08, 0, 54720, 8.918, -0.648
573.33, 0, 54715, 8.918, -0.648
573.59, 0, 54710, 8.918, -0.648
573.84, 0, 54705, 8.918, -0.648
574.09, 0, 54701, 8.918, -0.648
574.34, 0, 54696, 8.918, -0.648
574.60, 0, 54691, 8.918, -0.648
574.85, 0, 54686, 8.918, -0.648
575.10, 0, 54681, 8.918, -0.648
575.35, 0, 54676, 8.918, -0.648
575.61, 0, 54671, 8.918, -0.648
575.86, 0, 54666, 8.918, -0.648
576.11, 0, 54661, 8.918, -0.648
576.37, 0, 54656, 8.918, -0.648
576.62, 0, 54652, 8.918, -0.648
576.87, 0, 54647, 8.918, -0.648
577.12, 0, 54642, 8.918, -0.648
577.38, 0, 54637, 8.918, -0.648
577.63, 0, 54632, 8.918, -0.648
577.88, 0, 54627, 8.918, -0.648
578.14, 0, 54622, 8.918, -0.648
578.39, 0, 54617, 8.918, -0.648
578.64, 0, 54612, 8.918, -0.648
578.89, 0, 54607, 8.918, -0.648
579.15, 0, 54602, 8.918, -0.648
579.40, 0, 54598, 8.918, -0.648
579.65, 0, 54593, 8.918, -0.648
579.90, 0, 54588, 8.918, -0.648
580.16, 0, 54583, 8.918, -0.648
580.41, 0, 54578, 8.918, -0.648
580.66, 0, 54573, 8.918, -0.648
580.92, 0, 54568, 8.918, -0.648
581.17, 0, 54563, 8.918, -0.648
581.42, 0, 54558, 8.918, -0.648
581.67, 0, 54553, 8.918, -0.648
581.93, 0, 54549, 8.918, -0.648
582.18, 0, 54544, 8.918, -0.648
582.43, 0, 54539, 8.918, -0.648
582.69, 0, 54534, 8.918, -0.648
582.94, 0, 54529, 8.918, -0.648
583.19, 0, 54524, 8.918, -0.648
583.44, 0, 54519, 8.918, -0.648
583.70, 0, 54514, 8.918, -0.648
583.95, 0, 54509, 8.918, -0.648
584.20, 0, 54505, 8.918, -0.648
584.45, 0, 54500, 8.918, -0.648
584.71, 0, 54495, 8.918, -0.648
584.96, 0, 54490, 8.918, -0.648
585.21, 0, 54485, 8.918, -0.648
585.47, 0, 54480, 8.918, -0.648
585.72, 0, 54475, 8.918, -0.648
585.97, 0, 54470, 8.918, -0.648
586.22, 0, 54466, 8.918, -0.648
586.48, 0, 54461, 8.918, -0.648
586.73, 0, 54456, 8.918, -0.648
586.98, 0, 54451, 8.918, -0.648
587.24, 0, 54446, 8.918, -0.648
587.49, 0, 54441, 8.918, -0.648
587.74, 0, 54436, 8.918, -0.648
587.99, 0, 54431, 8.918, -0.648
588.25, 0, 54427, 8.918, -0.648
588.50, 0, 54422, 8.918, -0.648
588.75, 0, 54417, 8.918, -0.648
589.00, 0, 54412, 8.918, -0.648
589.26, 0, 54407, 8.918, -0.648
589.51, 0, 54402, 8.918, -0.648
589.76, 0, 54397, 8.918, -0.648
590.02, 0, 54392, 8.918, -0.648
590.27, 0, 54388, 8.918, -0.648
590.52, 0, 54383, 8.918, -0.648
590.77, 0, 54378, 8.918, -0.648
591.03, 0, 54373, 8.918, -0.648
591.28, 0, 54368, 8.918, -0.648
591.53, 0, 54363, 8.918, -0.648
591.79, 0, 54358, 8.918, -0.648
592.04, 0, 54353, 8.918, -0.648
592.29, 0, 54348, 8.918, -0.648
592.54, 0, 54344, 8.918, -0.648
592.80, 0, 54339, 8.918, -0.648
593.05, 0, 54334, 8.918, -0.648
593.30, 0, 54329, 8.918, -0.648
593.55, 0, 54324, 8.918, -0.648
593.81, 0, 54319, 8.918, -0.648
594.06, 0, 54314, 8.918, -0.648
594.31, 0, 54309, 8.918, -0.648
594.57, 0, 54304, 8.918, -0.648
594.82, 0, 54299, 8.918, -0.648
595.07, 0, 54295, 8.918, -0.648
595.32, 0, 54290, 8.918, -0.648
595.58, 0, 54285, 8.918, -0.648
595.83, 0, 54280, 8.918, -0.648
596.08, 0, 54275, 8.918, -0.648
596.33, 0, 54270, 8.918, -0.648
596.59, 0, 54265, 8.918, -0.648
596.84, 0, 54260, 8.918, -0.648
597.09, 0, 54255, 8.918, -0.648
597.35, 0, 54250, 8.918, -0.648
597.60, 0, 54245, 8.918, -0.648
597.85, 0, 54241, 8.918, -0.648
598.10, 0, 54236, 8.918, -0.648
598.36, 0, 54231, 8.918, -0.648
598.61, 0, 54226, 8.918, -0.648
598.86, 0, 54221, 8.918, -0.648
599.12, 0, 54216, 8.918, -0.648
599.37, 0, 54211, 8.918, -0.648
599.62, 0, 54206, 8.918, -0.648
599.87, 0, 54201, 8.918, -0.648
600.13, 0, 54196, 8.918, -0.648
600.38, 0, 54191, 8.918, -0.648
600.63, 0, 54186, 8.918, -0.648
600.88, 0, 54182, 8.918, -0.648
601.14, 0, 54177, 8.918, -0.648
601.39, 0, 54172, 8.918, -0.648
601.64, 0, 54167, 8.918, -0.648
601.90, 0, 54162, 8.918, -0.648
602.15, 0, 54157, 8.918, -0.648
602.40, 0, 54152, 8.918, -0.648
602.65, 0, 54147, 8.918, -0.648
602.91, 0, 54142, 8.918, -0.648
603.16, 0, 54137, 8.918, -0.648
603.41, 0, 54133, 8.918, -0.648
603.67, 0, 54128, 8.918, -0.648
603.92, 0, 54123, 8.918, -0.648
604.17, 0, 54118, 8.918, -0.648
604.42, 0, 54113, 8.918, -0.648
604.68, 0, 54108, 8.918, -0.648
604.93, 0, 54103, 8.918, -0.648
605.18, 0, 54098, 8.918, -0.648
605.43, 0, 54093, 8.918, -0.648
605.69, 0, 54088, 8.918, -0.648
605.94, 0, 54083, 8.918, -0.648
606.19, 0, 54079, 8.918, -0.648
606.45, 0, 54074, 8.918, -0.648
606.70, 0, 54069, 8.918, -0.648
606.95, 0, 54064, 8.918, -0.648
607.20, 0, 54059, 8.918, -0.648
607.46, 0, 54054, 8.918, -0.648
607.71, 0, 54049, 8.918, -0.648
607.96, 0, 54044, 8.918, -0.648
608.22, 0, 54039, 8.918, -0.648
608.47, 0, 54034, 8.918, -0.648
608.72, 0, 54029, 8.918, -0.648
608.97, 0, 54024, 8.918, -0.648
609.23, 0, 54020, 8.918, -0.648
609.48, 0, 54015, 8.918, -0.648
609.73, 0, 54010, 8.918, -0.648
609.98, 0, 54005, 8.918, -0.648
610.24, 0, 54000, 8.918, -0.648
610.49, 0, 53995, 8.918, -0.648
610.74, 0, 53990, 8.918, -0.648
611.00, 0, 53985, 8.918, -0.648
611.25, 0, 53980, 8.918, -0.648
611.50, 0, 53975, 8.918, -0.648
611.75, 0, 53970, 8.918, -0.648
612.01, 0, 53965, 8.918, -0.648
612.26, 0, 53960, 8.918, -0.648
612.51, 0, 53956, 8.918, -0.648
612.77, 0, 53951, 8.918, -0.648
613.02, 0, 53946, 8.918, -0.648
613.27, 0, 53941, 8.918, -0.648
613.52, 0, 53936, 8.918, -0.648
613.78, 0, 53931, 8.918, -0.648
614.03, 0, 53926, 8.918, -0.648
614.28, 0, 53921, 8.918, -0.648
614.53, 0, 53916, 8.918, -0.648
614.79, 0, 53911, 8.918, -0.648
615.04, 0, 53906, 8.918, -0.648
615.29, 0, 53901, 8.918, -0.648
615.55, 0, 53896, 8.918, -0.648
615.80, 0, 53891, 8.918, -0.648
616.05, 0, 53886, 8.918, -0.648
616.30, 0, 53882, 8.918, -0.648
616.56, 0, 53877, 8.918, -0.648
616.81, 0, 53872, 8.918, -0.648
617.06, 0, 53867, 8.918, -0.648
617.32, 0, 53862, 8.918, -0.648
617.57, 0, 53857, 8.918, -0.648
617.82, 0, 53852, 8.918, -0.648
618.07, 0, 53847, 8.918, -0.648
618.33, 0, 53842, 8.918, -0.648
618.58, 0, 53837, 8.918, -0.648
618.83, 0, 53832, 8.918, -0.648
619.09, 0, 53827, 8.918, -0.648
619.34, 0, 53822, 8.918, -0.648
619.59, 0, 53817, 8.918, -0.648
619.84, 0, 53812, 8.918, -0.648
620.10, 0, 53808, 8.918, -0.648
620.35, 0, 53803, 8.918, -0.648
620.60, 0, 53798, 8.918, -0.648
620.86, 0, 53793, 8.918, -0.648
621.11, 0, 53788, 8.918, -0.648
621.36, 0, 53783, 8.918, -0.648
621.61, 0, 53778, 8.918, -0.648
621.87, 0, 53773, 8.918, -0.648
622.12, 0, 53768, 8.918, -0.648
622.37, 0, 53763, 8.918, -0.648
622.63, 0, 53758, 8.918, -0.648
622.88, 0, 53753, 8.918, -0.648
623.13, 0, 53748, 8.918, -0.648
623.38, 0, 53743, 8.918, -0.648
623.64, 0, 53738, 8.918, -0.648
623.89, 0, 53733, 8.918, -0.648
624.14, 0, 53728, 8.918, -0.648
624.40, 0, 53723, 8.918, -0.648
624.65, 0, 53719, 8.918, -0.648
624.90, 0, 53714, 8.918, -0.648
625.15, 0, 53709, 8.918, -0.648
625.41, 0, 53704, 8.918, -0.648
625.66, 0, 53699, 8.918, -0.648
625.91, 0, 53694, 8.918, -0.648
626.17, 0, 53689, 8.918, -0.648
626.42, 0, 53684, 8.918, -0.648
626.67, 0, 53679, 8.918, -0.648
626.92, 0, 53674, 8.918, -0.648
627.18, 0, 53669, 8.918, -0.648
627.43, 0, 53664, 8.918, -0.648
627.68, 0, 53659, 8.918, -0.648
627.94, 0, 53654, 8.918, -0.648
628.19, 0, 53649, 8.918, -0.648
628.44, 0, 53644, 8.918, -0.648
628.69, 0, 53639, 8.918, -0.648
628.95, 0, 53634, 8.918, -0.648
629.20, 0, 53629, 8.918, -0.648
629.45, 0, 53625, 8.918, -0.648
629.70, 0, 53620, 8.918, -0.648
629.96, 0, 53615, 8.918, -0.648
630.21, 0, 53610, 8.918, -0.648
630.46, 0, 53605, 8.918, -0.648
630.72, 0, 53600, 8.918, -0.648
630.97, 0, 53595, 8.918, -0.648
631.22, 0, 53590, 8.918, -0.648
631.47, 0, 53585, 8.918, -0.648
631.73, 0, 53580, 8.918, -0.648
631.98, 0, 53575, 8.918, -0.648
632.23, 0, 53570, 8.918, -0.648
632.49, 0, 53565, 8.918, -0.648
632.74, 0, 53560, 8.918, -0.648
632.99, 0, 53555, 8.918, -0.648
633.24, 0, 53550, 8.918, -0.648
633.50, 0, 53545, 8.918, -0.648
633.75, 0, 53540, 8.918, -0.648
634.00, 0, 53535, 8.918, -0.648
634.26, 0, 53530, 8.918, -0.648
634.51, 0, 53525, 8.918, -0.648
634.76, 0, 53521, 8.918, -0.648
635.01, 0, 53516, 8.918, -0.648
635.27, 0, 53511, 8.918, -0.648
635.52, 0, 53506, 8.918, -0.648
635.77, 0, 53501, 8.918, -0.648
636.02, 0, 53496, 8.918, -0.648
636.28, 0, 53491, 8.918, -0.648
636.53, 0, 53486, 8.918, -0.648
636.78, 0, 53481, 8.918, -0.648
637.04, 0, 53476, 8.918, -0.648
637.29, 0, 53471, 8.918, -0.648
637.54, 0, 53466, 8.918, -0.648
637.79, 0, 53461, 8.918, -0.648
638.05, 0, 53456, 8.918, -0.648
638.30, 0, 53451, 8.918, -0.648
638.55, 0, 53446, 8.918, -0.648
638.81, 0, 53441, 8.918, -0.648
639.06, 0, 53436, 8.918, -0.648
639.31, 0, 53431, 8.918, -0.648
639.56, 0, 53426, 8.918, -0.648
639.82, 0, 53421, 8.918, -0.648
640.07, 0, 53416, 8.918, -0.648
640.32, 0, 53412, 8.918, -0.648
640.57, 0, 53407, 8.918, -0.648
640.83, 0, 53402, 8.918, -0.648
641.08, 0, 53397, 8.918, -0.648
641.33, 0, 53392, 8.918, -0.648
641.59, 0, 53387, 8.918, -0.648
641.84, 0, 53382, 8.918, -0.648
642.09, 0, 53377, 8.918, -0.648
642.34, 0, 53372, 8.918, -0.648
642.60, 0, 53367, 8.918, -0.648
642.85, 0, 53362, 8.918, -0.648
643.10, 0, 53357, 8.918, -0.648
643.36, 0, 53352, 8.918, -0.648
643.61, 0, 53347, 8.918, -0.648
643.86, 0, 53342, 8.918, -0.648
644.11, 0, 53337, 8.918, -0.648
644.37, 0, 53332, 8.918, -0.648
644.62, 0, 53327, 8.918, -0.648
644.87, 0, 53322, 8.918, -0.648
645.13, 0, 53317, 8.918, -0.648
645.38, 0, 53312, 8.918, -0.648
645.63, 0, 53307, 8.918, -0.648
645.89, 0, 53302, 8.918, -0.648
646.14, 0, 53297, 8.918, -0.648
646.39, 0, 53293, 8.918, -0.648
646.64, 0, 53288, 8.918, -0.648
646.90, 0, 53283, 8.918, -0.648
647.15, 0, 53278, 8.918, -0.648
647.40, 0, 53273, 8.918, -0.648
647.66, 0, 53268, 8.918, -0.648
647.91, 0, 53263, 8.918, -0.648
648.16, 0, 53258, 8.918, -0.648
648.41, 0, 53253, 8.918, -0.648
648.67, 0, 53248, 8.918, -0.648
648.92, 0, 53243, 8.918, -0.648
649.17, 0, 53238, 8.918, -0.648
649.43, 0, 53233, 8.918, -0.648
649.68, 0, 53228, 8.918, -0.648
649.93, 0, 53223, 8.918, -0.648
650.18, 0, 53218, 8.918, -0.648
650.44, 0, 53213, 8.918, -0.648
650.69, 0, 53208, 8.918, -0.648
650.94, 0, 53203, 8.918, -0.648
651.20, 0, 53198, 8.918, -0.648
651.45, 0, 53193, 8.918, -0.648
651.70, 0, 53188, 8.918, -0.648
651.95, 0, 53183, 8.918, -0.648
652.21, 0, 53178, 8.918, -0.648
652.46, 0, 53173, 8.918, -0.648
652.71, 0, 53168, 8.918, -0.648
652.97, 0, 53163, 8.918, -0.648
653.22, 0, 53158, 8.918, -0.648
653.47, 0, 53154, 8.918, -0.648
653.72, 0, 53149, 8.918, -0.648
653.98, 0, 53144, 8.918, -0.648
654.23, 0, 53139, 8.918, -0.648
654.48, 0, 53134, 8.918, -0.648
654.74, 0, 53129, 8.918, -0.648
654.99, 0, 53124, 8.918, -0.648
655.24, 0, 53119, 8.918, -0.648
655.49, 0, 53114, 8.918, -0.648
655.75, 0, 53109, 8.918, -0.648
656.00, 0, 53104, 8.918, -0.648
656.25, 0, 53099, 8.918, -0.648
656.51, 0, 53094, 8.918, -0.648
656.76, 0, 53089, 8.918, -0.648
657.01, 0, 53084, 8.918, -0.648
657.26, 0, 53079, 8.918, -0.648
657.52, 0, 53074, 8.918, -0.648
657.77, 0, 53069, 8.918, -0.648
658.02, 0, 53064, 8.918, -0.648
658.28, 0, 53059, 8.918, -0.648
658.53, 0, 53054, 8.918, -0.648
658.78, 0, 53049, 8.918, -0.648
659.03, 0, 53044, 8.918, -0.648
659.29, 0, 53039, 8.918, -0.648
659.54, 0, 53034, 8.918, -0.648
659.79, 0, 53029, 8.918, -0.648
660.04, 0, 53024, 8.918, -0.648
660.30, 0, 53019, 8.918, -0.648
660.55, 0, 53014, 8.918, -0.648
660.80, 0, 53009, 8.918, -0.648
661.06, 0, 53004, 8.918, -0.648
661.31, 0, 53000, 8.918, -0.648
661.56, 0, 52995, 8.918, -0.648
661.81, 0, 52990, 8.918, -0.648
662.07, 0, 52985, 8.918, -0.648
662.32, 0, 52980, 8.918, -0.648
662.57, 0, 52975, 8.918, -0.648
662.82, 0, 52970, 8.918, -0.648
663.08, 0, 52965, 8.918, -0.648
663.33, 0, 52960, 8.918, -0.648
663.58, 0, 52955, 8.918, -0.648
663.84, 0, 52950, 8.918, -0.648
664.09, 0, 52945, 8.918, -0.648
664.34, 0, 52940, 8.918, -0.648
664.59, 0, 52935, 8.918, -0.648
664.85, 0, 52930, 8.918, -0.648
665.10, 0, 52925, 8.918, -0.648
665.35, 0, 52920, 8.918, -0.648
665.61, 0, 52915, 8.918, -0.648
665.86, 0, 52910, 8.918, -0.648
666.11, 0, 52905, 8.918, -0.648
666.36, 0, 52900, 8.918, -0.648
666.62, 0, 52895, 8.918, -0.648
666.87, 0, 52890, 8.918, -0.648
667.12, 0, 52885, 8.918, -0.648
667.37, 0, 52880, 8.918, -0.648
667.63, 0, 52875, 8.918, -0.648
667.88, 0, 52870, 8.918, -0.648
668.13, 0, 52865, 8.918, -0.648
668.39, 0, 52860, 8.918, -0.648
668.64, 0, 52855, 8.918, -0.648
668.89, 0, 52850, 8.918, -0.648
669.14, 0, 52845, 8.918, -0.648
669.40, 0, 52840, 8.918, -0.648
669.65, 0, 52835, 8.918, -0.648
669.90, 0, 52830, 8.918, -0.648
670.16, 0, 52826, 8.918, -0.648
670.41, 0, 52821, 8.918, -0.648
670.66, 0, 52816, 8.918, -0.648
670.91, 0, 52811, 8.918, -0.648
671.17, 0, 52806, 8.918, -0.648
671.42, 0, 52801, 8.918, -0.648
671.67, 0, 52796, 8.918, -0.648
671.93, 0, 52791, 8.918, -0.648
672.18, 0, 52786, 8.918, -0.648
672.43, 0, 52781, 8.918, -0.648
672.68, 0, 52776, 8.918, -0.648
672.94, 0, 52771, 8.918, -0.648
673.19, 0, 52766, 8.918, -0.648
673.44, 0, 52761, 8.918, -0.648
673.69, 0, 52756, 8.918, -0.648
673.95, 0, 52751, 8.918, -0.648
674.20, 0, 52746, 8.918, -0.648
674.45, 0, 52741, 8.918, -0.648
674.71, 0, 52736, 8.918, -0.648
674.96, 0, 52731, 8.918, -0.648
675.21, 0, 52726, 8.918, -0.648
675.46, 0, 52721, 8.918, -0.648
675.72, 0, 52716, 8.918, -0.648
675.97, 0, 52711, 8.918, -0.648
676.22, 0, 52706, 8.918, -0.648
676.48, 0, 52701, 8.918, -0.648
676.73, 0, 52696, 8.918, -0.648
676.98, 0, 52691, 8.918, -0.648
677.23, 0, 52686, 8.918, -0.648
677.49, 0, 52681, 8.918, -0.648
677.74, 0, 52676, 8.918, -0.648
677.99, 0, 52671, 8.918, -0.648
678.24, 0, 52666, 8.918, -0.648
678.50, 0, 52661, 8.918, -0.648
678.75, 0, 52656, 8.918, -0.648
679.00, 0, 52651, 8.918, -0.648
679.26, 0, 52646, 8.918, -0.648
679.51, 0, 52641, 8.918, -0.648
679.76, 0, 52636, 8.918, -0.648
680.01, 0, 52631, 8.918, -0.648
680.27, 0, 52626, 8.918, -0.648
680.52, 0, 52621, 8.918, -0.648
680.77, 0, 52617, 8.918, -0.648
681.03, 0, 52612, 8.918, -0.648
681.28, 0, 52607, 8.918, -0.648
681.53, 0, 52602, 8.918, -0.648
681.78, 0, 52597, 8.918, -0.648
682.04, 0, 52592, 8.918, -0.648
682.29, 0, 52587, 8.918, -0.648
682.54, 0, 52582, 8.918, -0.648
682.80, 0, 52577, 8.918, -0.648
683.05, 0, 52572, 8.918, -0.648
683.30, 0, 52567, 8.918, -0.648
683.55, 0, 52562, 8.918, -0.648
683.81, 0, 52557, 8.918, -0.648
684.06, 0, 52552, 8.918, -0.648
684.31, 0, 52547, 8.918, -0.648
684.56, 0, 52542, 8.918, -0.648
684.82, 0, 52537, 8.918, -0.648
685.07, 0, 52532, 8.918, -0.648
685.32, 0, 52527, 8.918, -0.648
685.58, 0, 52522, 8.918, -0.648
685.83, 0, 52517, 8.918, -0.648
686.08, 0, 52512, 8.918, -0.648
686.33, 0, 52507, 8.918, -0.648
686.59, 0, 52502, 8.918, -0.648
686.84, 0, 52497, 8.918, -0.648
687.09, 0, 52492, 8.918, -0.648
687.35, 0, 52487, 8.918, -0.648
687.60, 0, 52482, 8.918, -0.648
687.85, 0, 52477, 8.918, -0.648
688.10, 0, 52472, 8.918, -0.648
688.36, 0, 52467, 8.918, -0.648
688.61, 0, 52462, 8.918, -0.648
688.86, 0, 52457, 8.918, -0.648
689.11, 0, 52452, 8.918, -0.648
689.37, 0, 52447, 8.918, -0.648
689.62, 0, 52442, 8.918, -0.648
689.87, 0, 52437, 8.918, -0.648
690.13, 0, 52432, 8.918, -0.648
690.38, 0, 52427, 8.918, -0.648
690.63, 0, 52422, 8.918, -0.648
690.88, 0, 52417, 8.918, -0.648
691.14, 0, 52412, 8.918, -0.648
691.39, 0, 52407, 8.918, -0.648
691.64, 0, 52402, 8.918, -0.648
691.90, 0, 52397, 8.918, -0.648
692.15, 0, 52392, 8.918, -0.648
692.40, 0, 52387, 8.918, -0.648
692.65, 0, 52382, 8.918, -0.648
692.91, 0, 52377, 8.918, -0.648
693.16, 0, 52372, 8.918, -0.648
693.41, 0, 52367, 8.918, -0.648
693.67, 0, 52362, 8.918, -0.648
693.92, 0, 52357, 8.918, -0.648
694.17, 0, 52352, 8.918, -0.648
694.42, 0, 52347, 8.918, -0.648
694.68, 0, 52342, 8.918, -0.648
694.93, 0, 52337, 8.918, -0.648
695.18, 0, 52332, 8.918, -0.648
695.43, 0, 52327, 8.918, -0.648
695.69, 0, 52322, 8.918, -0.648
695.94, 0, 52317, 8.918, -0.648
696.19, 0, 52312, 8.918, -0.648
696.45, 0, 52307, 8.918, -0.648
696.70, 0, 52302, 8.918, -0.648
696.95, 0, 52297, 8.918, -0.648
697.20, 0, 52292, 8.918, -0.648
697.46, 0, 52287, 8.918, -0.648
697.71, 0, 52282, 8.918, -0.648
697.96, 0, 52277, 8.918, -0.648
698.21, 0, 52272, 8.918, -0.648
698.47, 0, 52267, 8.918, -0.648
698.72, 0, 52262, 8.918, -0.648
698.97, 0, 52258, 8.918, -0.648
699.23, 0, 52253, 8.918, -0.648
699.48, 0, 52248, 8.918, -0.648
699.73, 0, 52243, 8.918, -0.648
699.98, 0, 52238, 8.918, -0.648
700.24, 0, 52233, 8.918, -0.648
700.49, 0, 52228, 8.918, -0.648
700.74, 0, 52223, 8.918, -0.648
701.00, 0, 52218, 8.918, -0.648
701.25, 0, 52213, 8.918, -0.648
701.50, 0, 52208, 8.918, -0.648
701.75, 0, 52203, 8.918, -0.648
702.01, 0, 52198, 8.918, -0.648
702.26, 0, 52193, 8.918, -0.648
702.51, 0, 52188, 8.918, -0.648
702.76, 0, 52183, 8.918, -0.648
703.02, 0, 52178, 8.918, -0.648
703.27, 0, 52173, 8.918, -0.648
703.52, 0, 52168, 8.918, -0.648
703.78, 0, 52163, 8.918, -0.648
704.03, 0, 52158, 8.918, -0.648
704.28, 0, 52153, 8.918, -0.648
704.53, 0, 52148, 8.918, -0.648
704.79, 0, 52143, 8.918, -0.648
705.04, 0, 52138, 8.918, -0.648
705.29, 0, 52133, 8.918, -0.648
705.55, 0, 52128, 8.918, -0.648
705.80, 0, 52123, 8.918, -0.648
706.05, 0, 52118, 8.918, -0.648
706.30, 0, 52113, 8.918, -0.648
706.56, 0, 52108, 8.918, -0.648
706.81, 0, 52103, 8.918, -0.648
707.06, 0, 52098, 8.918, -0.648
707.32, 0, 52093, 8.918, -0.648
707.57, 0, 52088, 8.918, -0.648
707.82, 0, 52083, 8.918, -0.648
708.07, 0, 52078, 8.918, -0.648
708.33, 0, 52073, 8.918, -0.648
708.58, 0, 52068, 8.918, -0.648
708.83, 0, 52063, 8.918, -0.648
709.08, 0, 52058, 8.918, -0.648
709.34, 0, 52053, 8.918, -0.648
709.59, 0, 52048, 8.918, -0.648
709.84, 0, 52043, 8.918, -0.648
710.10, 0, 52038, 8.918, -0.648
710.35, 0, 52033, 8.918, -0.648
710.60, 0, 52028, 8.918, -0.648
710.85, 0, 52023, 8.918, -0.648
711.11, 0, 52018, 8.918, -0.648
711.36, 0, 52013, 8.918, -0.648
711.61, 0, 52008, 8.918, -0.648
711.87, 0, 52003, 8.918, -0.648
712.12, 0, 51998, 8.918, -0.648
712.37, 0, 51993, 8.918, -0.648
712.62, 0, 51988, 8.918, -0.648
712.88, 0, 51983, 8.918, -0.648
713.13, 0, 51978, 8.918, -0.648
713.38, 0, 51973, 8.918, -0.648
713.63, 0, 51968, 8.918, -0.648
713.89, 0, 51963, 8.918, -0.648
714.14, 0, 51958, 8.918, -0.648
714.39, 0, 51953, 8.918, -0.648
714.65, 0, 51948, 8.918, -0.648
714.90, 0, 51943, 8.918, -0.648
715.15, 0, 51938, 8.918, -0.648
715.40, 0, 51933, 8.918, -0.648
715.66, 0, 51928, 8.918, -0.648
715.91, 0, 51923, 8.918, -0.648
716.16, 0, 51918, 8.918, -0.648
716.42, 0, 51913, 8.918, -0.648
716.67, 0, 51908, 8.918, -0.648
716.92, 0, 51903, 8.918, -0.648
717.17, 0, 51898, 8.918, -0.648
717.43, 0, 51893, 8.918, -0.648
717.68, 0, 51888, 8.918, -0.648
717.93, 0, 51883, 8.918, -0.648
718.19, 0, 51878, 8.918, -0.648
718.44, 0, 51873, 8.918, -0.648
718.69, 0, 51868, 8.918, -0.648
718.94, 0, 51863, 8.918, -0.648
719.20, 0, 51858, 8.918, -0.648
719.45, 0, 51853, 8.918, -0.648
719.70, 0, 51848, 8.918, -0.648
719.96, 0, 51843, 8.918, -0.648
720.21, 0, 51838, 8.918, -0.648
720.46, 0, 51833, 8.918, -0.648
720.71, 0, 51828, 8.918, -0.648
720.97, 0, 51823, 8.918, -0.648
721.22, 0, 51818, 8.918, -0.648
721.47, 0, 51813, 8.918, -0.648
721.73, 0, 51808, 8.918, -0.648
721.98, 0, 51803, 8.918, -0.648
722.23, 0, 51798, 8.918, -0.648
722.48, 0, 51792, 8.918, -0.648
722.74, 0, 51787, 8.918, -0.648
722.99, 0, 51782, 8.918, -0.648
723.24, 0, 51777, 8.918, -0.648
723.49, 0, 51772, 8.918, -0.648
723.75, 0, 51767, 8.918, -0.648
724.00, 0, 51762, 8.918, -0.648
724.25, 0, 51757, 8.918, -0.648
724.51, 0, 51752, 8.918, -0.648
724.76, 0, 51747, 8.918, -0.648
725.01, 0, 51742, 8.918, -0.648
725.26, 0, 51737, 8.918, -0.648
725.52, 0, 51732, 8.918, -0.648
725.77, 0, 51727, 8.918, -0.648
726.02, 0, 51722, 8.918, -0.648
726.28, 0, 51717, 8.918, -0.648
726.53, 0, 51712, 8.918, -0.648
726.78, 0, 51707, 8.918, -0.648
727.03, 0, 51702, 8.918, -0.648
727.29, 0, 51697, 8.918, -0.648
727.54, 0, 51692, 8.918, -0.648
727.79, 0, 51687, 8.918, -0.648
728.05, 0, 51682, 8.918, -0.648
728.30, 0, 51677, 8.918, -0.648
728.55, 0, 51672, 8.918, -0.648
728.81, 0, 51667, 8.918, -0.648
729.06, 0, 51662, 8.918, -0.648
729.31, 0, 51657, 8.918, -0.648
729.56, 0, 51652, 8.918, -0.648
729.82, 0, 51647, 8.918, -0.648
730.07, 0, 51642, 8.918, -0.648
730.32, 0, 51637, 8.918, -0.648
730.58, 0, 51632, 8.918, -0.648
730.83, 0, 51627, 8.918, -0.648
731.08, 0, 51622, 8.918, -0.648
731.33, 0, 51617, 8.918, -0.648
731.59, 0, 51612, 8.918, -0.648
731.84, 0, 51607, 8.918, -0.648
732.09, 0, 51602, 8.918, -0.648
732.34, 0, 51597, 8.918, -0.648
732.60, 0, 51592, 8.918, -0.648
732.85, 0, 51587, 8.918, -0.648
733.10, 0, 51582, 8.918, -0.648
733.36, 0, 51577, 8.918, -0.648
733.61, 0, 51572, 8.918, -0.648
733.86, 0, 51567, 8.918, -0.648
734.11, 0, 51562, 8.918, -0.648
734.37, 0, 51557, 8.918, -0.648
734.62, 0, 51552, 8.918, -0.648
734.87, 0, 51547, 8.918, -0.648
735.13, 0, 51542, 8.918, -0.648
735.38, 0, 51537, 8.918, -0.648
735.63, 0, 51532, 8.918, -0.648
735.88, 0, 51527, 8.918, -0.648
736.14, 0, 51522, 8.918, -0.648
736.39, 0, 51517, 8.918, -0.648
736.64, 0, 51512, 8.918, -0.648
736.89, 0, 51507, 8.918, -0.648
737.15, 0, 51502, 8.918, -0.648
737.40, 0, 51497, 8.918, -0.648
737.65, 0, 51492, 8.918, -0.648
737.91, 0, 51487, 8.918, -0.648
738.16, 0, 51482, 8.918, -0.648
738.41, 0, 51477, 8.918, -0.648
738.66, 0, 51472, 8.918, -0.648
738.92, 0, 51467, 8.918, -0.648
739.17, 0, 51462, 8.918, -0.648
739.42, 0, 51457, 8.918, -0.648
739.68, 0, 51452, 8.918, -0.648
739.93, 0, 51446, 8.918, -0.648
740.18, 0, 51441, 8.918, -0.648
740.43, 0, 51436, 8.918, -0.648
740.69, 0, 51431, 8.918, -0.648
740.94, 0, 51426, 8.918, -0.648
741.19, 0, 51421, 8.918, -0.648
741.45, 0, 51416, 8.918, -0.648
741.70, 0, 51411, 8.918, -0.648
741.95, 0, 51406, 8.918, -0.648
742.20, 0, 51401, 8.918, -0.648
742.46, 0, 51396, 8.918, -0.648
742.71, 0, 51391, 8.918, -0.648
742.96, 0, 51386, 8.918, -0.648
743.21, 0, 51381, 8.918, -0.648
743.47, 0, 51376, 8.918, -0.648
743.72, 0, 51371, 8.918, -0.648
743.97, 0, 51366, 8.918, -0.648
744.23, 0, 51361, 8.918, -0.648
744.48, 0, 51356, 8.918, -0.648
744.73, 0, 51351, 8.918, -0.648
744.98, 0, 51346, 8.918, -0.648
745.24, 0, 51341, 8.918, -0.648
745.49, 0, 51336, 8.918, -0.648
745.74, 0, 51331, 8.918, -0.648
746.00, 0, 51326, 8.918, -0.648
746.25, 0, 51321, 8.918, -0.648
746.50, 0, 51316, 8.918, -0.648
746.76, 0, 51311, 8.918, -0.648
747.01, 0, 51306, 8.918, -0.648
747.26, 0, 51301, 8.918, -0.648
747.51, 0, 51296, 8.918, -0.648
747.77, 0, 51291, 8.918, -0.648
748.02, 0, 51286, 8.918, -0.648
748.27, 0, 51281, 8.918, -0.648
748.53, 0, 51276, 8.918, -0.648
748.78, 0, 51271, 8.918, -0.648
749.03, 0, 51266, 8.918, -0.648
749.28, 0, 51261, 8.918, -0.648
749.54, 0, 51256, 8.918, -0.648
749.79, 0, 51251, 8.918, -0.648
750.04, 0, 51246, 8.918, -0.648
750.30, 0, 51241, 8.918, -0.648
750.55, 0, 51236, 8.918, -0.648
750.80, 0, 51231, 8.918, -0.648
751.05, 0, 51225, 8.918, -0.648
751.31, 0, 51220, 8.918, -0.648
751.56, 0, 51215, 8.918, -0.648
751.81, 0, 51210, 8.918, -0.648
752.07, 0, 51205, 8.918, -0.648
752.32, 0, 51200, 8.918, -0.648
752.57, 0, 51195, 8.918, -0.648
752.82, 0, 51190, 8.918, -0.648
753.08, 0, 51185, 8.918, -0.648
753.33, 0, 51180, 8.918, -0.648
753.58, 0, 51175, 8.918, -0.648
753.83, 0, 51170, 8.918, -0.648
754.09, 0, 51165, 8.918, -0.648
754.34, 0, 51160, 8.918, -0.648
754.59, 0, 51155, 8.918, -0.648
754.85, 0, 51150, 8.918, -0.648
755.10, 0, 51145, 8.918, -0.648
755.35, 0, 51140, 8.918, -0.648
755.60, 0, 51135, 8.918, -0.648
755.86, 0, 51130, 8.918, -0.648
756.11, 0, 51125, 8.918, -0.648
756.36, 0, 51120, 8.918, -0.648
756.62, 0, 51115, 8.918, -0.648
756.87, 0, 51110, 8.918, -0.648
757.12, 0, 51105, 8.918, -0.648
757.37, 0, 51100, 8.918, -0.648
757.63, 0, 51095, 8.918, -0.648
757.88, 0, 51090, 8.918, -0.648
758.13, 0, 51085, 8.918, -0.648
758.38, 0, 51080, 8.918, -0.648
758.64, 0, 51075, 8.918, -0.648
758.89, 0, 51070, 8.918, -0.648
759.14, 0, 51065, 8.918, -0.648
759.40, 0, 51060, 8.918, -0.648
759.65, 0, 51054, 8.918, -0.648
759.90, 0, 51049, 8.918, -0.648
760.15, 0, 51044, 8.918, -0.648
760.41, 0, 51039, 8.918, -0.648
760.66, 0, 51034, 8.918, -0.648
760.91, 0, 51029, 8.918, -0.648
761.17, 0, 51024, 8.918, -0.648
761.42, 0, 51019, 8.918, -0.648
761.67, 0, 51014, 8.918, -0.648
761.92, 0, 51009, 8.918, -0.648
762.18, 0, 51004, 8.918, -0.648
762.43, 0, 50999, 8.918, -0.648
762.68, 0, 50994, 8.918, -0.648
762.93, 0, 50989, 8.918, -0.648
763.19, 0, 50984, 8.918, -0.648
763.44, 0, 50979, 8.918, -0.648
763.69, 0, 50974, 8.918, -0.648
763.95, 0, 50969, 8.918, -0.648
764.20, 0, 50964, 8.918, -0.648
764.45, 0, 50959, 8.918, -0.648
764.70, 0, 50954, 8.918, -0.648
764.96, 0, 50949, 8.918, -0.648
765.21, 0, 50944, 8.918, -0.648
765.46, 0, 50939, 8.918, -0.648
765.72, 0, 50934, 8.918, -0.648
765.97, 0, 50929, 8.918, -0.648
766.22, 0, 50924, 8.918, -0.648
766.48, 0, 50918, 8.918, -0.648
766.73, 0, 50913, 8.918, -0.648
766.98, 0, 50908, 8.918, -0.648
767.23, 0, 50903, 8.918, -0.648
767.49, 0, 50898, 8.918, -0.648
767.74, 0, 50893, 8.918, -0.648
767.99, 0, 50888, 8.918, -0.648
768.24, 0, 50883, 8.918, -0.648
768.50, 0, 50878, 8.918, -0.648
768.75, 0, 50873, 8.918, -0.648
769.00, 0, 50868, 8.918, -0.648
769.26, 0, 50863, 8.918, -0.648
769.51, 0, 50858, 8.918, -0.648
769.76, 0, 50853, 8.918, -0.648
770.01, 0, 50848, 8.918, -0.648
770.27, 0, 50843, 8.918, -0.648
770.52, 0, 50838, 8.918, -0.648
770.77, 0, 50833, 8.918, -0.648
771.03, 0, 50828, 8.918, -0.648
771.28, 0, 50823, 8.918, -0.648
771.53, 0, 50818, 8.918, -0.648
771.78, 0, 50813, 8.918, -0.648
772.04, 0, 50808, 8.918, -0.648
772.29, 0, 50802, 8.918, -0.648
772.54, 0, 50797, 8.918, -0.648
772.79, 0, 50792, 8.918, -0.648
773.05, 0, 50787, 8.918, -0.648
773.30, 0, 50782, 8.918, -0.648
773.55, 0, 50777, 8.918, -0.648
773.81, 0, 50772, 8.918, -0.648
774.06, 0, 50767, 8.918, -0.648
774.31, 0, 50762, 8.918, -0.648
774.56, 0, 50757, 8.918, -0.648
774.82, 0, 50752, 8.918, -0.648
775.07, 0, 50747, 8.918, -0.648
775.32, 0, 50742, 8.918, -0.648
775.58, 0, 50737, 8.918, -0.648
775.83, 0, 50732, 8.918, -0.648
776.08, 0, 50727, 8.918, -0.648
776.33, 0, 50722, 8.918, -0.648
776.59, 0, 50717, 8.918, -0.648
776.84, 0, 50712, 8.918, -0.648
777.09, 0, 50707, 8.918, -0.648
777.34, 0, 50702, 8.918, -0.648
777.60, 0, 50696, 8.918, -0.648
777.85, 0, 50691, 8.918, -0.648
778.10, 0, 50686, 8.918, -0.648
778.36, 0, 50681, 8.918, -0.648
778.61, 0, 50676, 8.918, -0.648
778.86, 0, 50671, 8.918, -0.648
779.11, 0, 50666, 8.918, -0.648
779.37, 0, 50661, 8.918, -0.648
779.62, 0, 50656, 8.918, -0.648
779.87, 0, 50651, 8.918, -0.648
780.13, 0, 50646, 8.918, -0.648
780.38, 0, 50641, 8.918, -0.648
780.63, 0, 50636, 8.918, -0.648
780.88, 0, 50631, 8.918, -0.648
781.14, 0, 50626, 8.918, -0.648
781.39, 0, 50621, 8.918, -0.648
781.64, 0, 50616, 8.918, -0.648
781.89, 0, 50611, 8.918, -0.648
782.15, 0, 50605, 8.918, -0.648
782.40, 0, 50600, 8.918, -0.648
782.65, 0, 50595, 8.918, -0.648
782.91, 0, 50590, 8.918, -0.648
783.16, 0, 50585, 8.918, -0.648
783.41, 0, 50580, 8.918, -0.648
783.66, 0, 50575, 8.918, -0.648
783.92, 0, 50570, 8.918, -0.648
784.17, 0, 50565, 8.918, -0.648
784.42, 0, 50560, 8.918, -0.648
784.68, 0, 50555, 8.918, -0.648
784.93, 0, 50550, 8.918, -0.648
785.18, 0, 50545, 8.918, -0.648
785.43, 0, 50540, 8.918, -0.648
785.69, 0, 50535, 8.918, -0.648
785.94, 0, 50530, 8.918, -0.648
786.19, 0, 50525, 8.918, -0.648
786.44, 0, 50520, 8.918, -0.648
786.70, 0, 50514, 8.918, -0.648
786.95, 0, 50509, 8.918, -0.648
787.20, 0, 50504, 8.918, -0.648
787.46, 0, 50499, 8.918, -0.648
787.71, 0, 50494, 8.918, -0.648
787.96, 0, 50489, 8.918, -0.648
788.21, 0, 50484, 8.918, -0.648
788.47, 0, 50479, 8.918, -0.648
788.72, 0, 50474, 8.918, -0.648
788.97, 0, 50469, 8.918, -0.648
789.22, 0, 50464, 8.918, -0.648
789.48, 0, 50459, 8.918, -0.648
789.73, 0, 50454, 8.918, -0.648
789.98, 0, 50449, 8.918, -0.648
790.24, 0, 50444, 8.918, -0.648
790.49, 0, 50438, 8.918, -0.648
790.74, 0, 50433, 8.918, -0.648
790.99, 0, 50428, 8.918, -0.648
791.25, 0, 50423, 8.918, -0.648
791.50, 0, 50418, 8.918, -0.648
791.75, 0, 50413, 8.918, -0.648
792.01, 0, 50408, 8.918, -0.648
792.26, 0, 50403, 8.918, -0.648
792.51, 0, 50398, 8.918, -0.648
792.76, 0, 50393, 8.918, -0.648
793.02, 0, 50388, 8.918, -0.648
793.27, 0, 50383, 8.918, -0.648
793.52, 0, 50378, 8.918, -0.648
793.77, 0, 50373, 8.918, -0.648
794.03, 0, 50367, 8.918, -0.648
794.28, 0, 50362, 8.918, -0.648
794.53, 0, 50357, 8.918, -0.648
794.79, 0, 50352, 8.918, -0.648
795.04, 0, 50347, 8.918, -0.648
795.29, 0, 50342, 8.918, -0.648
795.54, 0, 50337, 8.918, -0.648
795.80, 0, 50332, 8.918, -0.648
796.05, 0, 50327, 8.918, -0.648
796.30, 0, 50322, 8.918, -0.648
796.56, 0, 50317, 8.918, -0.648
796.81, 0, 50312, 8.918, -0.648
797.06, 0, 50307, 8.918, -0.648
797.31, 0, 50302, 8.918, -0.648
797.57, 0, 50296, 8.918, -0.648
797.82, 0, 50291, 8.918, -0.648
798.07, 0, 50286, 8.918, -0.648
798.32, 0, 50281, 8.918, -0.648
798.58, 0, 50276, 8.918, -0.648
798.83, 0, 50271, 8.918, -0.648
799.08, 0, 50266, 8.918, -0.648
799.34, 0, 50261, 8.918, -0.648
799.59, 0, 50256, 8.918, -0.648
799.84, 0, 50251, 8.918, -0.648
800.09, 0, 50246, 8.918, -0.648
800.35, 0, 50241, 8.918, -0.648
800.60, 0, 50236, 8.918, -0.648
800.85, 0, 50231, 8.918, -0.648
801.11, 0, 50225, 8.918, -0.648
801.36, 0, 50220, 8.918, -0.648
801.61, 0, 50215, 8.918, -0.648
801.86, 0, 50210, 8.918, -0.648
802.12, 0, 50205, 8.918, -0.648
802.37, 0, 50200, 8.918, -0.648
802.62, 0, 50195, 8.918, -0.648
802.87, 0, 50190, 8.918, -0.648
803.13, 0, 50185, 8.918, -0.648
803.38, 0, 50180, 8.918, -0.648
803.63, 0, 50175, 8.918, -0.648
803.89, 0, 50170, 8.918, -0.648
804.14, 0, 50164, 8.918, -0.648
804.39, 0, 50159, 8.918, -0.648
804.64, 0, 50154, 8.918, -0.648
804.90, 0, 50149, 8.918, -0.648
805.15, 0, 50144, 8.918, -0.648
805.40, 0, 50139, 8.918, -0.648
805.66, 0, 50134, 8.918, -0.648
805.91, 0, 50129, 8.918, -0.648
806.16, 0, 50124, 8.918, -0.648
806.41, 0, 50119, 8.918, -0.648
806.67, 0, 50114, 8.918, -0.648
806.92, 0, 50109, 8.918, -0.648
807.17, 0, 50103, 8.918, -0.648
807.42, 0, 50098, 8.918, -0.648
807.68, 0, 50093, 8.918, -0.648
807.93, 0, 50088, 8.918, -0.648
808.18, 0, 50083, 8.918, -0.648
808.44, 0, 50078, 8.918, -0.648
808.69, 0, 50073, 8.918, -0.648
808.94, 0, 50068, 8.918, -0.648
809.19, 0, 50063, 8.918, -0.648
809.45, 0, 50058, 8.918, -0.648
809.70, 0, 50053, 8.918, -0.648
809.95, 0, 50047, 8.918, -0.648
810.21, 0, 50042, 8.918, -0.648
810.46, 0, 50037, 8.918, -0.648
810.71, 0, 50032, 8.918, -0.648
810.96, 0, 50027, 8.918, -0.648
811.22, 0, 50022, 8.918, -0.648
811.47, 0, 50017, 8.918, -0.648
811.72, 0, 50012, 8.918, -0.648
811.97, 0, 50007, 8.918, -0.648
812.23, 0, 50002, 8.918, -0.648
812.48, 0, 49996, 8.918, -0.648
812.73, 0, 49991, 8.918, -0.648
812.99, 0, 49986, 8.918, -0.648
813.24, 0, 49981, 8.918, -0.648
813.49, 0, 49976, 8.918, -0.648
813.74, 0, 49971, 8.918, -0.648
814.00, 0, 49966, 8.918, -0.648
814.25, 0, 49961, 8.918, -0.648
814.50, 0, 49956, 8.918, -0.648
814.76, 0, 49951, 8.918, -0.648
815.01, 0, 49945, 8.918, -0.648
815.26, 0, 49940, 8.918, -0.648
815.51, 0, 49935, 8.918, -0.648
815.77, 0, 49930, 8.918, -0.648
816.02, 0, 49925, 8.918, -0.648
816.27, 0, 49920, 8.918, -0.648
816.52, 0, 49915, 8.918, -0.648
816.78, 0, 49910, 8.918, -0.648
817.03, 0, 49905, 8.918, -0.648
817.28, 0, 49900, 8.918, -0.648
817.54, 0, 49894, 8.918, -0.648
817.79, 0, 49889, 8.918, -0.648
818.04, 0, 49884, 8.918, -0.648
818.29, 0, 49879, 8.918, -0.648
818.55, 0, 49874, 8.918, -0.648
818.80, 0, 49869, 8.918, -0.648
819.05, 0, 49864, 8.918, -0.648
819.31, 0, 49859, 8.918, -0.648
819.56, 0, 49854, 8.918, -0.648
819.81, 0, 49849, 8.918, -0.648
820.06, 0, 49843, 8.918, -0.648
820.32, 0, 49838, 8.918, -0.648
820.57, 0, 49833, 8.918, -0.648
820.82, 0, 49828, 8.918, -0.648
821.07, 0, 49823, 8.918, -0.648
821.33, 0, 49818, 8.918, -0.648
821.58, 0, 49813, 8.918, -0.648
821.83, 0, 49808, 8.918, -0.648
822.09, 0, 49803, 8.918, -0.648
822.34, 0, 49797, 8.918, -0.648
822.59, 0, 49792, 8.918, -0.648
822.84, 0, 49787, 8.918, -0.648
823.10, 0, 49782, 8.918, -0.648
823.35, 0, 49777, 8.918, -0.648
823.60, 0, 49772, 8.918, -0.648
823.86, 0, 49767, 8.918, -0.648
824.11, 0, 49762, 8.918, -0.648
824.36, 0, 49757, 8.918, -0.648
824.61, 0, 49751, 8.918, -0.648
824.87, 0, 49746, 8.918, -0.648
825.12, 0, 49741, 8.918, -0.648
825.37, 0, 49736, 8.918, -0.648
825.62, 0, 49731, 8.918, -0.648
825.88, 0, 49726, 8.918, -0.648
826.13, 0, 49721, 8.918, -0.648
826.38, 0, 49716, 8.918, -0.648
826.64, 0, 49711, 8.918, -0.648
826.89, 0, 49705, 8.918, -0.648
827.14, 0, 49700, 8.918, -0.648
827.39, 0, 49695, 8.918, -0.648
827.65, 0, 49690, 8.918, -0.648
827.90, 0, 49685, 8.918, -0.648
828.15, 0, 49680, 8.918, -0.648
828.41, 0, 49675, 8.918, -0.648
828.66, 0, 49670, 8.918, -0.648
828.91, 0, 49664, 8.918, -0.648
829.16, 0, 49659, 8.918, -0.648
829.42, 0, 49654, 8.918, -0.648
829.67, 0, 49649, 8.918, -0.648
829.92, 0, 49644, 8.918, -0.648
830.17, 0, 49639, 8.918, -0.648
830.43, 0, 49634, 8.918, -0.648
830.68, 0, 49629, 8.918, -0.648
830.93, 0, 49623, 8.918, -0.648
831.19, 0, 49618, 8.918, -0.648
831.44, 0, 49613, 8.918, -0.648
831.69, 0, 49608, 8.918, -0.648
831.94, 0, 49603, 8.918, -0.648
832.20, 0, 49598, 8.918, -0.648
832.45, 0, 49593, 8.918, -0.648
832.70, 0, 49588, 8.918, -0.648
832.95, 0, 49582, 8.918, -0.648
833.21, 0, 49577, 8.918, -0.648
833.46, 0, 49572, 8.918, -0.648
833.71, 0, 49567, 8.918, -0.648
833.97, 0, 49562, 8.918, -0.648
834.22, 0, 49557, 8.918, -0.648
834.47, 0, 49552, 8.918, -0.648
834.72, 0, 49547, 8.918, -0.648
834.98, 0, 49541, 8.918, -0.648
835.23, 0, 49536, 8.918, -0.648
835.48, 0, 49531, 8.918, -0.648
835.74, 0, 49526, 8.918, -0.648
835.99, 0, 49521, 8.918, -0.648
836.24, 0, 49516, 8.918, -0.648
836.49, 0, 49511, 8.918, -0.648
836.75, 0, 49506, 8.918, -0.648
837.00, 0, 49500, 8.918, -0.648
837.25, 0, 49495, 8.918, -0.648
837.50, 0, 49490, 8.918, -0.648
837.76, 0, 49485, 8.918, -0.648
838.01, 0, 49480, 8.918, -0.648
838.26, 0, 49475, 8.918, -0.648
838.52, 0, 49470, 8.918, -0.648
838.77, 0, 49464, 8.918, -0.648
839.02, 0, 49459, 8.918, -0.648
839.27, 0, 49454, 8.918, -0.648
839.53, 0, 49449, 8.918, -0.648
839.78, 0, 49444, 8.918, -0.648
840.03, 0, 49439, 8.918, -0.648
840.29, 0, 49434, 8.918, -0.648
840.54, 0, 49428, 8.918, -0.648
840.79, 0, 49423, 8.918, -0.648
841.04, 0, 49418, 8.918, -0.648
841.30, 0, 49413, 8.918, -0.648
841.55, 0, 49408, 8.918, -0.648
841.80, 0, 49403, 8.918, -0.648
842.05, 0, 49398, 8.918, -0.648
842.31, 0, 49392, 8.918, -0.648
842.56, 0, 49387, 8.918, -0.648
842.81, 0, 49382, 8.918, -0.648
843.07, 0, 49377, 8.918, -0.648
843.32, 0, 49372, 8.918, -0.648
843.57, 0, 49367, 8.918, -0.648
843.82, 0, 49362, 8.918, -0.648
844.08, 0, 49356, 8.918, -0.648
844.33, 0, 49351, 8.918, -0.648
844.58, 0, 49346, 8.918, -0.648
844.83, 0, 49341, 8.918, -0.648
845.09, 0, 49336, 8.918, -0.648
845.34, 0, 49331, 8.918, -0.648
845.59, 0, 49326, 8.918, -0.648
845.85, 0, 49320, 8.918, -0.648
846.10, 0, 49315, 8.918, -0.648
846.35, 0, 49310, 8.918, -0.648
846.60, 0, 49305, 8.918, -0.648
846.86, 0, 49300, 8.918, -0.648
847.11, 0, 49295, 8.918, -0.648
847.36, 0, 49289, 8.918, -0.648
847.61, 0, 49284, 8.918, -0.648
847.87, 0, 49279, 8.918, -0.648
848.12, 0, 49274, 8.918, -0.648
848.37, 0, 49269, 8.918, -0.648
848.63, 0, 49264, 8.918, -0.648
848.88, 0, 49258, 8.918, -0.648
849.13, 0, 49253, 8.918, -0.648
849.38, 0, 49248, 8.918, -0.648
849.64, 0, 49243, 8.918, -0.648
849.89, 0, 49238, 8.918, -0.648
850.14, 0, 49233, 8.918, -0.648
850.40, 0, 49227, 8.918, -0.648
850.65, 0, 49222, 8.918, -0.648
850.90, 0, 49217, 8.918, -0.648
851.15, 0, 49212, 8.918, -0.648
851.41, 0, 49207, 8.918, -0.648
851.66, 0, 49202, 8.918, -0.648
851.91, 0, 49197, 8.918, -0.648
852.16, 0, 49191, 8.918, -0.648
852.42, 0, 49186, 8.918, -0.648
852.67, 0, 49181, 8.918, -0.648
852.92, 0, 49176, 8.918, -0.648
853.18, 0, 49171, 8.918, -0.648
853.43, 0, 49166, 8.918, -0.648
853.68, 0, 49160, 8.918, -0.648
853.93, 0, 49155, 8.918, -0.648
854.19, 0, 49150, 8.918, -0.648
854.44, 0, 49145, 8.918, -0.648
854.69, 0, 49140, 8.918, -0.648
854.94, 0, 49135, 8.918, -0.648
855.20, 0, 49130, 8.918, -0.648
855.45, 0, 49124, 8.918, -0.648
855.70, 0, 49119, 8.918, -0.648
855.96, 0, 49114, 8.918, -0.648
856.21, 0, 49109, 8.918, -0.648
856.46, 0, 49104, 8.918, -0.648
856.71, 0, 49099, 8.918, -0.648
856.97, 0, 49093, 8.918, -0.648
857.22, 0, 49088, 8.918, -0.648
857.47, 0, 49083, 8.918, -0.648
857.73, 0, 49078, 8.918, -0.648
857.98, 0, 49073, 8.918, -0.648
858.23, 0, 49068, 8.918, -0.648
858.48, 0, 49062, 8.918, -0.648
858.74, 0, 49057, 8.918, -0.648
858.99, 0, 49052, 8.918, -0.648
859.24, 0, 49047, 8.918, -0.648
859.49, 0, 49042, 8.918, -0.648
859.75, 0, 49037, 8.918, -0.648
860.00, 0, 49031, 8.918, -0.648
860.25, 0, 49026, 8.918, -0.648
860.51, 0, 49021, 8.918, -0.648
860.76, 0, 49016, 8.918, -0.648
861.01, 0, 49011, 8.918, -0.648
861.26, 0, 49006, 8.918, -0.648
861.52, 0, 49000, 8.918, -0.648
861.77, 0, 48995, 8.918, -0.648
862.02, 0, 48990, 8.918, -0.648
862.27, 0, 48985, 8.918, -0.648
862.53, 0, 48980, 8.918, -0.648
862.78, 0, 48975, 8.918, -0.648
863.03, 0, 48969, 8.918, -0.648
863.29, 0, 48964, 8.918, -0.648
863.54, 0, 48959, 8.918, -0.648
863.79, 0, 48954, 8.918, -0.648
864.04, 0, 48949, 8.918, -0.648
864.30, 0, 48944, 8.918, -0.648
864.55, 0, 48938, 8.918, -0.648
864.80, 0, 48933, 8.918, -0.648
865.05, 0, 48928, 8.918, -0.648
865.31, 0, 48923, 8.918, -0.648
865.56, 0, 48918, 8.918, -0.648
865.81, 0, 48913, 8.918, -0.648
866.07, 0, 48907, 8.918, -0.648
866.32, 0, 48902, 8.918, -0.648
866.57, 0, 48897, 8.918, -0.648
866.82, 0, 48892, 8.918, -0.648
867.08, 0, 48887, 8.918, -0.648
867.33, 0, 48881, 8.918, -0.648
867.58, 0, 48876, 8.918, -0.648
867.84, 0, 48871, 8.918, -0.648
868.09, 0, 48866, 8.918, -0.648
868.34, 0, 48861, 8.918, -0.648
868.59, 0, 48856, 8.918, -0.648
868.85, 0, 48850, 8.918, -0.648
869.10, 0, 48845, 8.918, -0.648
869.35, 0, 48840, 8.918, -0.648
869.60, 0, 48835, 8.918, -0.648
869.86, 0, 48830, 8.918, -0.648
870.11, 0, 48824, 8.918, -0.648
870.36, 0, 48819, 8.918, -0.648
870.62, 0, 48814, 8.918, -0.648
870.87, 0, 48809, 8.918, -0.648
871.12, 0, 48804, 8.918, -0.648
871.37, 0, 48798, 8.918, -0.648
871.63, 0, 48793, 8.918, -0.648
871.88, 0, 48788, 8.918, -0.648
872.13, 0, 48783, 8.918, -0.648
872.39, 0, 48778, 8.918, -0.648
872.64, 0, 48773, 8.918, -0.648
872.89, 0, 48767, 8.918, -0.648
873.14, 0, 48762, 8.918, -0.648
873.40, 0, 48757, 8.918, -0.648
873.65, 0, 48752, 8.918, -0.648
873.90, 0, 48747, 8.918, -0.648
874.15, 0, 48741, 8.918, -0.648
874.41, 0, 48736, 8.918, -0.648
874.66, 0, 48731, 8.918, -0.648
874.91, 0, 48726, 8.918, -0.648
875.17, 0, 48720, 8.918, -0.648
875.42, 0, 48715, 8.918, -0.648
875.67, 0, 48710, 8.918, -0.648
875.92, 0, 48705, 8.918, -0.648
876.18, 0, 48700, 8.918, -0.648
876.43, 0, 48694, 8.918, -0.648
876.68, 0, 48689, 8.918, -0.648
876.93, 0, 48684, 8.918, -0.648
877.19, 0, 48679, 8.918, -0.648
877.44, 0, 48673, 8.918, -0.648
877.69, 0, 48668, 8.918, -0.648
877.95, 0, 48663, 8.918, -0.648
878.20, 0, 48658, 8.918, -0.648
878.45, 0, 48652, 8.918, -0.648
878.70, 0, 48647, 8.918, -0.648
878.96, 0, 48642, 8.918, -0.648
879.21, 0, 48637, 8.918, -0.648
879.46, 0, 48631, 8.918, -0.648
879.72, 0, 48626, 8.918, -0.648
879.97, 0, 48621, 8.918, -0.648
880.22, 0, 48615, 8.918, -0.648
880.47, 0, 48610, 8.918, -0.648
880.73, 0, 48605, 8.918, -0.648
880.98, 0, 48599, 8.918, -0.648
881.23, 0, 48594, 8.918, -0.648
881.48, 0, 48588, 8.918, -0.648
881.74, 0, 48583, 8.918, -0.648
881.99, 0, 48578, 8.918, -0.648
882.24, 0, 48572, 8.918, -0.648
882.50, 0, 48566, 8.918, -0.648
882.75, 0, 48561, 8.918, -0.648
883.00, 0, 48555, 8.918, -0.648
883.25, 0, 48547, 8.918, -0.648
883.51, 0, 48537, 8.918, -0.648
883.76, 0, 48526, 8.918, -0.648
884.01, 0, 48516, 8.918, -0.648
884.27, 0, 48505, 8.918, -0.648
884.52, 0, 48495, 8.918, -0.648
884.77, 0, 48484, 8.918, -0.648
885.02, 0, 48474, 8.918, -0.648
885.28, 0, 48463, 8.918, -0.648
885.53, 0, 48453, 8.918, -0.648
885.78, 0, 48442, 8.918, -0.648
886.03, 0, 48432, 8.918, -0.648
886.29, 0, 48421, 8.918, -0.648
886.54, 0, 48411, 8.918, -0.648
886.79, 0, 48400, 8.918, -0.648
887.05, 0, 48390, 8.918, -0.648
887.30, 0, 48379, 8.918, -0.648
887.55, 0, 48369, 8.918, -0.648
887.80, 0, 48358, 8.918, -0.648
888.06, 0, 48347, 8.918, -0.648
888.31, 0, 48337, 8.918, -0.648
888.56, 0, 48326, 8.918, -0.648
888.81, 0, 48316, 8.918, -0.648
889.07, 0, 48305, 8.918, -0.648
889.32, 0, 48294, 8.918, -0.648
889.57, 0, 48283, 8.918, -0.648
889.83, 0, 48273, 8.918, -0.648
890.08, 0, 48262, 8.918, -0.648
890.33, 0, 48251, 8.918, -0.648
890.58, 0, 48240, 8.918, -0.648
890.84, 0, 48230, 8.918, -0.648
891.09, 0, 48219, 8.918, -0.648
891.34, 0, 48208, 8.918, -0.648
891.60, 0, 48197, 8.918, -0.648
891.85, 0, 48186, 8.918, -0.648
892.10, 0, 48175, 8.918, -0.648
892.35, 0, 48165, 8.918, -0.648
892.61, 0, 48154, 8.918, -0.648
892.86, 0, 48143, 8.918, -0.648
893.11, 0, 48132, 8.918, -0.648
893.36, 0, 48121, 8.918, -0.648
893.62, 0, 48110, 8.918, -0.648
893.87, 0, 48099, 8.918, -0.648
894.12, 0, 48088, 8.918, -0.648
894.38, 0, 48077, 8.918, -0.648
894.63, 0, 48066, 8.918, -0.648
894.88, 0, 48054, 8.918, -0.648
895.13, 0, 48043, 8.918, -0.648
895.39, 0, 48032, 8.918, -0.648
895.64, 0, 48021, 8.918, -0.648
895.89, 0, 48009, 8.918, -0.648
896.15, 0, 47998, 8.918, -0.648
896.40, 0, 47987, 8.918, -0.648
896.65, 0, 47975, 8.918, -0.648
896.90, 0, 47964, 8.918, -0.648
897.16, 0, 47953, 8.918, -0.648
897.41, 0, 47941, 8.918, -0.648
897.66, 0, 47929, 8.918, -0.648
897.92, 0, 47918, 8.918, -0.648
898.17, 0, 47906, 8.918, -0.648
898.42, 0, 47894, 8.918, -0.648
898.67, 0, 47883, 8.918, -0.648
898.93, 0, 47871, 8.918, -0.648
899.18, 0, 47859, 8.918, -0.648
899.43, 0, 47847, 8.918, -0.648
899.69, 0, 47835, 8.918, -0.648
899.94, 0, 47823, 8.918, -0.648
900.19, 0, 47811, 8.918, -0.648
900.44, 0, 47799, 8.918, -0.648
900.70, 0, 47787, 8.918, -0.648
900.95, 0, 47775, 8.918, -0.648
901.20, 0, 47763, 8.918, -0.648
901.46, 0, 47751, 8.918, -0.648
901.71, 0, 47738, 8.918, -0.648
901.96, 0, 47726, 8.918, -0.648
902.22, 0, 47713, 8.918, -0.648
902.47, 0, 47701, 8.918, -0.648
902.72, 0, 47688, 8.918, -0.648
                                