Minutes Index, Status Register, Accumulated Charge, Voltage, Current
0, 0, 51526, 8.979, 1.849
1, 0, 51515, 8.980, 1.850
2, 0, 51498, 8.495, -0.577
3, 0, 51481, 8.455, -0.603
4, 0, 51463, 8.432, -0.580
5, 0, 51446, 8.408, -0.590
6, 0, 51429, 8.387, -0.592
7, 0, 51412, 8.367, -0.602
8, 0, 51394, 8.354, -0.582
9, 0, 51377, 8.337, -0.600
10, 0, 51360, 8.323, -0.606
11, 0, 51342, 8.309, -0.603
12, 0, 51325, 8.301, -0.581
13, 0, 51308, 8.287, -0.593
14, 0, 51291, 8.274, -0.605
15, 0, 51273, 8.264, -0.600
16, 0, 51256, 8.257, -0.579
17, 0, 51238, 8.244, -0.651
18, 0, 51221, 8.233, -0.605
19, 0, 51204, 8.224, -0.602
20, 0, 51186, 8.218, -0.579
21, 0, 51169, 8.207, -0.598
22, 0, 51151, 8.196, -0.609
23, 0, 51134, 8.188, -0.606
24, 0, 51116, 8.182, -0.587
25, 0, 51096, 8.171, -0.602
26, 0, 51075, 8.135, -0.743
27, 0, 51054, 8.127, -0.732
28, 0, 51033, 8.120, -0.716
29, 0, 51015, 8.108, -0.731
30, 0, 50997, 8.120, -0.644
31, 0, 50979, 8.114, -0.606
32, 0, 50961, 8.109, -0.592
33, 0, 50943, 8.102, -0.600
34, 0, 50926, 8.092, -0.619
35, 0, 50908, 8.088, -0.602
36, 0, 50890, 8.082, -0.609
37, 0, 50872, 8.075, -0.597
38, 0, 50855, 8.063, -0.625
39, 0, 50837, 8.061, -0.597
40, 0, 50819, 8.052, -0.601
41, 0, 50801, 8.046, -0.605
42, 0, 50783, 8.037, -0.622
43, 0, 50766, 8.034, -0.597
44, 0, 50748, 8.027, -0.606
45, 0, 50730, 8.021, -0.600
46, 0, 50712, 8.008, -0.633
47, 0, 50694, 8.007, -0.606
48, 0, 50676, 8.001, -0.602
49, 0, 50658, 7.995, -0.603
50, 0, 50640, 7.984, -0.632
51, 0, 50622, 7.984, -0.597
52, 0, 50603, 7.975, -0.611
53, 0, 50585, 7.969, -0.605
54, 0, 50567, 7.959, -0.629
55, 0, 50549, 7.959, -0.609
56, 0, 50531, 7.951, -0.614
57, 0, 50513, 7.947, -0.600
58, 0, 50495, 7.935, -0.632
59, 0, 50477, 7.937, -0.592
60, 0, 50459, 7.928, -0.613
61, 0, 50441, 7.922, -0.607
62, 0, 50423, 7.913, -0.625
63, 0, 50405, 7.913, -0.595
64, 0, 50386, 7.904, -0.619
65, 0, 50368, 7.899, -0.615
66, 0, 50350, 7.890, -0.631
67, 0, 50332, 7.888, -0.614
68, 0, 50313, 7.883, -0.610
69, 0, 50295, 7.877, -0.614
70, 0, 50277, 7.869, -0.629
71, 0, 50258, 7.866, -0.613
72, 0, 50240, 7.861, -0.613
73, 0, 50221, 7.856, -0.616
74, 0, 50203, 7.849, -0.627
75, 0, 50185, 7.846, -0.611
76, 0, 50166, 7.840, -0.618
77, 0, 50148, 7.834, -0.620
78, 0, 50129, 7.828, -0.631
79, 0, 50111, 7.827, -0.602
80, 0, 50093, 7.822, -0.614
81, 0, 50074, 7.815, -0.623
82, 0, 50056, 7.809, -0.628
83, 0, 50037, 7.807, -0.616
84, 0, 50019, 7.802, -0.618
85, 0, 50000, 7.793, -0.636
86, 0, 49982, 7.790, -0.635
87, 0, 49963, 7.788, -0.620
88, 0, 49945, 7.783, -0.624
89, 0, 49926, 7.776, -0.666
90, 0, 49907, 7.769, -0.644
91, 0, 49889, 7.769, -0.627
92, 0, 49870, 7.766, -0.623
93, 0, 49851, 7.759, -0.639
94, 0, 49833, 7.755, -0.640
95, 0, 49814, 7.753, -0.627
96, 0, 49795, 7.748, -0.632
97, 0, 49777, 7.742, -0.644
98, 0, 49758, 7.739, -0.637
99, 0, 49739, 7.735, -0.629
100, 0, 49721, 7.733, -0.625
101, 0, 49702, 7.725, -0.652
102, 0, 49684, 7.724, -0.634
103, 0, 49665, 7.722, -0.631
104, 0, 49646, 7.718, -0.631
105, 0, 49627, 7.710, -0.654
106, 0, 49609, 7.707, -0.633
107, 0, 49590, 7.706, -0.636
108, 0, 49571, 7.702, -0.629
109, 0, 49552, 7.695, -0.662
110, 0, 49533, 7.696, -0.637
111, 0, 49514, 7.693, -0.635
112, 0, 49495, 7.689, -0.633
113, 0, 49477, 7.680, -0.669
114, 0, 49458, 7.683, -0.637
115, 0, 49439, 7.677, -0.646
116, 0, 49420, 7.678, -0.635
117, 0, 49401, 7.669, -0.668
118, 0, 49382, 7.672, -0.626
119, 0, 49363, 7.666, -0.644
120, 0, 49344, 7.667, -0.628
121, 0, 49325, 7.656, -0.674
122, 0, 49307, 7.660, -0.633
123, 0, 49288, 7.657, -0.636
124, 0, 49269, 7.655, -0.633
125, 0, 49250, 7.645, -0.686
126, 0, 49231, 7.649, -0.638
127, 0, 49212, 7.644, -0.649
128, 0, 49193, 7.642, -0.645
129, 0, 49174, 7.633, -0.673
130, 0, 49155, 7.638, -0.642
131, 0, 49136, 7.634, -0.648
132, 0, 49117, 7.631, -0.657
133, 0, 49098, 7.626, -0.668
134, 0, 49079, 7.627, -0.648
135, 0, 49060, 7.625, -0.653
136, 0, 49041, 7.623, -0.655
137, 0, 49022, 7.618, -0.669
138, 0, 49002, 7.619, -0.648
139, 0, 48983, 7.617, -0.648
140, 0, 48964, 7.615, -0.645
141, 0, 48945, 7.611, -0.662
142, 0, 48926, 7.611, -0.643
143, 0, 48907, 7.610, -0.646
144, 0, 48888, 7.606, -0.658
145, 0, 48869, 7.604, -0.660
146, 0, 48850, 7.603, -0.648
147, 0, 48831, 7.602, -0.646
148, 0, 48812, 7.596, -0.667
149, 0, 48793, 7.595, -0.676
150, 0, 48774, 7.596, -0.648
151, 0, 48755, 7.597, -0.639
152, 0, 48736, 7.590, -0.670
153, 0, 48717, 7.590, -0.659
154, 0, 48697, 7.589, -0.655
155, 0, 48678, 7.589, -0.645
156, 0, 48659, 7.584, -0.672
157, 0, 48640, 7.586, -0.648
158, 0, 48621, 7.584, -0.651
159, 0, 48602, 7.585, -0.635
160, 0, 48582, 7.578, -0.668
161, 0, 48563, 7.581, -0.648
162, 0, 48544, 7.578, -0.672
163, 0, 48525, 7.581, -0.632
164, 0, 48506, 7.573, -0.670
165, 0, 48487, 7.577, -0.641
166, 0, 48468, 7.574, -0.652
167, 0, 48449, 7.577, -0.630
168, 0, 48430, 7.569, -0.668
169, 0, 48410, 7.574, -0.641
170, 0, 48391, 7.569, -0.654
171, 0, 48372, 7.572, -0.629
172, 0, 48353, 7.565, -0.669
173, 0, 48334, 7.569, -0.638
174, 0, 48315, 7.567, -0.644
175, 0, 48295, 7.567, -0.639
176, 0, 48276, 7.560, -0.671
177, 0, 48257, 7.566, -0.636
178, 0, 48238, 7.562, -0.649
179, 0, 48219, 7.564, -0.638
180, 0, 48199, 7.557, -0.672
181, 0, 48180, 7.560, -0.649
182, 0, 48161, 7.561, -0.636
183, 0, 48142, 7.559, -0.642
184, 0, 48122, 7.555, -0.664
185, 0, 48103, 7.558, -0.645
186, 0, 48084, 7.558, -0.642
187, 0, 48065, 7.558, -0.639
188, 0, 48046, 7.554, -0.652
189, 0, 48027, 7.557, -0.634
190, 0, 48008, 7.557, -0.629
191, 0, 47989, 7.555, -0.639
192, 0, 47969, 7.550, -0.663
193, 0, 47950, 7.553, -0.645
194, 0, 47931, 7.554, -0.635
195, 0, 47912, 7.551, -0.649
196, 0, 47893, 7.548, -0.663
197, 0, 47873, 7.551, -0.646
198, 0, 47854, 7.552, -0.635
199, 0, 47835, 7.548, -0.666
200, 0, 47816, 7.547, -0.702
201, 0, 47796, 7.549, -0.644
202, 0, 47777, 7.549, -0.642
203, 0, 47758, 7.546, -0.660
204, 0, 47739, 7.546, -0.657
205, 0, 47719, 7.547, -0.645
206, 0, 47700, 7.549, -0.632
207, 0, 47681, 7.545, -0.653
208, 0, 47662, 7.543, -0.659
209, 0, 47643, 7.547, -0.647
210, 0, 47624, 7.548, -0.634
211, 0, 47604, 7.543, -0.662
212, 0, 47585, 7.543, -0.652
213, 0, 47566, 7.544, -0.653
214, 0, 47547, 7.547, -0.635
215, 0, 47528, 7.540, -0.668
216, 0, 47508, 7.542, -0.657
217, 0, 47489, 7.543, -0.650
218, 0, 47470, 7.545, -0.634
219, 0, 47451, 7.540, -0.668
220, 0, 47431, 7.543, -0.644
221, 0, 47412, 7.540, -0.667
222, 0, 47393, 7.545, -0.633
223, 0, 47374, 7.536, -0.680
224, 0, 47354, 7.541, -0.653
225, 0, 47335, 7.539, -0.666
226, 0, 47316, 7.543, -0.641
227, 0, 47297, 7.536, -0.675
228, 0, 47277, 7.541, -0.644
229, 0, 47258, 7.538, -0.661
230, 0, 47239, 7.544, -0.636
231, 0, 47220, 7.537, -0.673
232, 0, 47201, 7.542, -0.642
233, 0, 47182, 7.540, -0.660
234, 0, 47162, 7.543, -0.639
235, 0, 47143, 7.536, -0.671
236, 0, 47124, 7.540, -0.650
237, 0, 47105, 7.539, -0.658
238, 0, 47085, 7.539, -0.653
239, 0, 47066, 7.534, -0.681
240, 0, 47047, 7.539, -0.648
241, 0, 47028, 7.538, -0.660
242, 0, 47008, 7.539, -0.650
243, 0, 46989, 7.532, -0.688
244, 0, 46970, 7.537, -0.666
245, 0, 46950, 7.539, -0.648
246, 0, 46931, 7.537, -0.664
247, 0, 46912, 7.534, -0.673
248, 0, 46892, 7.533, -0.687
249, 0, 46873, 7.538, -0.651
250, 0, 46854, 7.536, -0.667
251, 0, 46835, 7.534, -0.676
252, 0, 46816, 7.536, -0.664
253, 0, 46796, 7.538, -0.648
254, 0, 46777, 7.535, -0.667
255, 0, 46758, 7.535, -0.672
256, 0, 46738, 7.533, -0.664
257, 0, 46719, 7.537, -0.647
258, 0, 46700, 7.534, -0.673
259, 0, 46681, 7.534, -0.668
260, 0, 46661, 7.536, -0.659
261, 0, 46642, 7.539, -0.642
262, 0, 46623, 7.534, -0.673
263, 0, 46603, 7.535, -0.662
264, 0, 46584, 7.535, -0.661
265, 0, 46565, 7.539, -0.644
266, 0, 46545, 7.532, -0.672
267, 0, 46526, 7.532, -0.661
268, 0, 46507, 7.534, -0.668
269, 0, 46487, 7.538, -0.644
270, 0, 46468, 7.532, -0.678
271, 0, 46449, 7.534, -0.661
272, 0, 46429, 7.534, -0.664
273, 0, 46410, 7.537, -0.644
274, 0, 46390, 7.532, -0.676
275, 0, 46371, 7.535, -0.661
276, 0, 46352, 7.534, -0.661
277, 0, 46332, 7.539, -0.635
278, 0, 46313, 7.531, -0.680
279, 0, 46294, 7.535, -0.654
280, 0, 46274, 7.534, -0.661
281, 0, 46255, 7.537, -0.644
282, 0, 46235, 7.532, -0.673
283, 0, 46216, 7.536, -0.656
284, 0, 46197, 7.533, -0.658
285, 0, 46177, 7.537, -0.642
286, 0, 46158, 7.530, -0.675
287, 0, 46139, 7.535, -0.653
288, 0, 46119, 7.533, -0.663
289, 0, 46100, 7.536, -0.644
290, 0, 46080, 7.530, -0.675
291, 0, 46061, 7.534, -0.651
292, 0, 46042, 7.534, -0.655
293, 0, 46022, 7.535, -0.647
294, 0, 46003, 7.530, -0.672
295, 0, 45983, 7.534, -0.652
296, 0, 45964, 7.534, -0.651
297, 0, 45945, 7.535, -0.648
298, 0, 45925, 7.531, -0.667
299, 0, 45906, 7.532, -0.660
300, 0, 45886, 7.531, -0.655
301, 0, 45867, 7.532, -0.649
302, 0, 45848, 7.530, -0.665
303, 0, 45828, 7.532, -0.653
304, 0, 45809, 7.534, -0.645
305, 0, 45789, 7.533, -0.644
306, 0, 45770, 7.531, -0.659
307, 0, 45751, 7.531, -0.658
308, 0, 45731, 7.534, -0.637
309, 0, 45712, 7.533, -0.643
310, 0, 45692, 7.530, -0.663
311, 0, 45673, 7.530, -0.654
312, 0, 45654, 7.534, -0.636
313, 0, 45634, 7.532, -0.648
314, 0, 45615, 7.530, -0.658
315, 0, 45595, 7.529, -0.655
316, 0, 45576, 7.532, -0.644
317, 0, 45556, 7.529, -0.671
318, 0, 45537, 7.527, -0.669
319, 0, 45518, 7.528, -0.663
320, 0, 45498, 7.531, -0.642
321, 0, 45479, 7.528, -0.658
322, 0, 45459, 7.528, -0.663
323, 0, 45440, 7.529, -0.658
324, 0, 45421, 7.531, -0.642
325, 0, 45401, 7.527, -0.661
326, 0, 45382, 7.526, -0.692
327, 0, 45362, 7.525, -0.682
328, 0, 45343, 7.532, -0.632
329, 0, 45323, 7.526, -0.668
330, 0, 45304, 7.525, -0.670
331, 0, 45285, 7.526, -0.662
332, 0, 45265, 7.529, -0.641
333, 0, 45246, 7.525, -0.666
334, 0, 45226, 7.526, -0.655
335, 0, 45207, 7.523, -0.670
336, 0, 45187, 7.530, -0.630
337, 0, 45168, 7.522, -0.678
338, 0, 45149, 7.526, -0.654
339, 0, 45129, 7.523, -0.669
340, 0, 45110, 7.530, -0.632
341, 0, 45090, 7.522, -0.676
342, 0, 45071, 7.524, -0.654
343, 0, 45051, 7.519, -0.673
344, 0, 45032, 7.526, -0.634
345, 0, 45012, 7.521, -0.677
346, 0, 44993, 7.523, -0.664
347, 0, 44974, 7.522, -0.666
348, 0, 44954, 7.525, -0.650
349, 0, 44935, 7.520, -0.673
350, 0, 44915, 7.522, -0.662
351, 0, 44896, 7.521, -0.671
352, 0, 44876, 7.525, -0.651
353, 0, 44857, 7.519, -0.677
354, 0, 44837, 7.520, -0.667
355, 0, 44818, 7.521, -0.663
357, 0, 44798, 7.522, -0.658
358, 0, 44779, 7.518, -0.675
359, 0, 44759, 7.516, -0.694
360, 0, 44740, 7.519, -0.662
361, 0, 44721, 7.520, -0.662
362, 0, 44701, 7.517, -0.676
363, 0, 44682, 7.517, -0.678
364, 0, 44662, 7.519, -0.666
365, 0, 44643, 7.519, -0.669
366, 0, 44623, 7.513, -0.678
367, 0, 44604, 7.516, -0.678
368, 0, 44584, 7.519, -0.656
369, 0, 44565, 7.517, -0.670
370, 0, 44545, 7.516, -0.674
371, 0, 44526, 7.516, -0.671
372, 0, 44506, 7.519, -0.650
373, 0, 44487, 7.514, -0.674
374, 0, 44468, 7.515, -0.676
375, 0, 44448, 7.514, -0.679
376, 0, 44429, 7.517, -0.650
377, 0, 44409, 7.515, -0.675
378, 0, 44390, 7.514, -0.670
379, 0, 44370, 7.513, -0.674
380, 0, 44351, 7.518, -0.643
381, 0, 44331, 7.512, -0.677
382, 0, 44312, 7.512, -0.671
383, 0, 44292, 7.512, -0.672
384, 0, 44273, 7.518, -0.641
385, 0, 44253, 7.512, -0.671
386, 0, 44234, 7.509, -0.673
387, 0, 44214, 7.511, -0.672
388, 0, 44195, 7.516, -0.642
389, 0, 44175, 7.510, -0.677
390, 0, 44156, 7.512, -0.660
391, 0, 44136, 7.510, -0.672
392, 0, 44117, 7.516, -0.633
393, 0, 44097, 7.508, -0.680
394, 0, 44078, 7.510, -0.667
395, 0, 44058, 7.509, -0.676
396, 0, 44039, 7.516, -0.631
397, 0, 44019, 7.507, -0.680
398, 0, 44000, 7.510, -0.664
399, 0, 43980, 7.507, -0.675
400, 0, 43961, 7.514, -0.642
401, 0, 43941, 7.506, -0.676
402, 0, 43922, 7.508, -0.664
403, 0, 43902, 7.507, -0.668
404, 0, 43883, 7.512, -0.644
405, 0, 43863, 7.505, -0.678
406, 0, 43844, 7.506, -0.668
407, 0, 43824, 7.508, -0.662
408, 0, 43805, 7.509, -0.649
409, 0, 43785, 7.502, -0.670
410, 0, 43766, 7.507, -0.659
411, 0, 43746, 7.505, -0.666
412, 0, 43727, 7.508, -0.651
413, 0, 43707, 7.504, -0.674
414, 0, 43688, 7.504, -0.666
415, 0, 43668, 7.506, -0.658
416, 0, 43649, 7.507, -0.644
417, 0, 43629, 7.504, -0.665
418, 0, 43610, 7.504, -0.660
419, 0, 43590, 7.505, -0.653
420, 0, 43571, 7.506, -0.646
421, 0, 43551, 7.502, -0.670
422, 0, 43532, 7.503, -0.656
423, 0, 43512, 7.505, -0.645
424, 0, 43493, 7.504, -0.647
425, 0, 43473, 7.501, -0.667
426, 0, 43454, 7.502, -0.659
427, 0, 43434, 7.504, -0.641
428, 0, 43414, 7.501, -0.655
429, 0, 43395, 7.501, -0.658
430, 0, 43375, 7.500, -0.664
431, 0, 43356, 7.501, -0.654
432, 0, 43336, 7.499, -0.663
433, 0, 43317, 7.498, -0.669
434, 0, 43297, 7.498, -0.666
435, 0, 43278, 7.500, -0.644
436, 0, 43258, 7.498, -0.663
437, 0, 43239, 7.498, -0.660
438, 0, 43219, 7.496, -0.672
439, 0, 43200, 7.499, -0.645
440, 0, 43180, 7.496, -0.664
441, 0, 43160, 7.496, -0.663
442, 0, 43141, 7.492, -0.681
443, 0, 43121, 7.500, -0.631
444, 0, 43102, 7.492, -0.670
445, 0, 43082, 7.492, -0.678
446, 0, 43063, 7.492, -0.674
447, 0, 43043, 7.498, -0.638
448, 0, 43024, 7.490, -0.678
449, 0, 43004, 7.493, -0.662
450, 0, 42984, 7.490, -0.676
451, 0, 42965, 7.496, -0.641
452, 0, 42945, 7.487, -0.675
453, 0, 42926, 7.492, -0.657
454, 0, 42906, 7.487, -0.683
455, 0, 42887, 7.494, -0.640
456, 0, 42867, 7.488, -0.674
457, 0, 42847, 7.489, -0.664
458, 0, 42828, 7.487, -0.680
459, 0, 42808, 7.490, -0.647
460, 0, 42789, 7.486, -0.673
461, 0, 42769, 7.486, -0.671
462, 0, 42750, 7.485, -0.684
463, 0, 42730, 7.487, -0.653
464, 0, 42710, 7.483, -0.685
465, 0, 42691, 7.485, -0.670
466, 0, 42671, 7.484, -0.676
467, 0, 42652, 7.489, -0.647
468, 0, 42632, 7.482, -0.681
469, 0, 42612, 7.483, -0.676
470, 0, 42593, 7.482, -0.675
471, 0, 42573, 7.486, -0.653
472, 0, 42554, 7.481, -0.678
473, 0, 42534, 7.478, -0.679
474, 0, 42515, 7.482, -0.667
475, 0, 42495, 7.482, -0.666
476, 0, 42475, 7.480, -0.671
477, 0, 42456, 7.477, -0.686
478, 0, 42436, 7.481, -0.664
479, 0, 42416, 7.479, -0.672
480, 0, 42397, 7.477, -0.681
481, 0, 42377, 7.475, -0.687
482, 0, 42358, 7.478, -0.668
483, 0, 42338, 7.477, -0.674
484, 0, 42318, 7.477, -0.672
485, 0, 42299, 7.473, -0.690
486, 0, 42279, 7.477, -0.665
487, 0, 42260, 7.473, -0.671
488, 0, 42240, 7.475, -0.672
489, 0, 42220, 7.472, -0.682
490, 0, 42201, 7.475, -0.663
491, 0, 42181, 7.473, -0.676
492, 0, 42162, 7.472, -0.679
493, 0, 42142, 7.469, -0.684
494, 0, 42122, 7.473, -0.668
495, 0, 42103, 7.471, -0.700
496, 0, 42083, 7.470, -0.676
497, 0, 42063, 7.467, -0.689
498, 0, 42044, 7.473, -0.648
499, 0, 42024, 7.468, -0.676
500, 0, 42005, 7.469, -0.669
501, 0, 41985, 7.466, -0.687
502, 0, 41965, 7.472, -0.649
503, 0, 41946, 7.467, -0.676
504, 0, 41926, 7.465, -0.670
505, 0, 41906, 7.464, -0.681
506, 0, 41887, 7.470, -0.646
507, 0, 41867, 7.464, -0.679
508, 0, 41847, 7.466, -0.662
509, 0, 41828, 7.462, -0.684
510, 0, 41808, 7.468, -0.644
511, 0, 41789, 7.463, -0.672
512, 0, 41769, 7.463, -0.671
513, 0, 41749, 7.462, -0.673
514, 0, 41730, 7.466, -0.647
515, 0, 41710, 7.460, -0.675
516, 0, 41691, 7.457, -0.674
517, 0, 41671, 7.460, -0.672
518, 0, 41651, 7.463, -0.642
519, 0, 41632, 7.458, -0.674
520, 0, 41612, 7.459, -0.669
521, 0, 41593, 7.456, -0.676
522, 0, 41573, 7.460, -0.649
523, 0, 41553, 7.456, -0.673
524, 0, 41534, 7.456, -0.665
525, 0, 41514, 7.456, -0.665
526, 0, 41495, 7.458, -0.646
527, 0, 41475, 7.454, -0.670
528, 0, 41456, 7.453, -0.672
529, 0, 41436, 7.454, -0.666
530, 0, 41416, 7.455, -0.641
531, 0, 41397, 7.453, -0.663
532, 0, 41377, 7.451, -0.669
533, 0, 41358, 7.452, -0.656
534, 0, 41338, 7.453, -0.644
535, 0, 41318, 7.450, -0.654
536, 0, 41299, 7.447, -0.674
537, 0, 41279, 7.449, -0.659
538, 0, 41260, 7.447, -0.655
539, 0, 41240, 7.446, -0.667
540, 0, 41220, 7.444, -0.675
541, 0, 41201, 7.446, -0.651
542, 0, 41181, 7.447, -0.653
543, 0, 41161, 7.444, -0.663
544, 0, 41142, 7.442, -0.673
545, 0, 41122, 7.445, -0.647
546, 0, 41102, 7.442, -0.659
547, 0, 41083, 7.442, -0.656
548, 0, 41063, 7.437, -0.686
549, 0, 41043, 7.441, -0.655
550, 0, 41024, 7.438, -0.670
551, 0, 41004, 7.439, -0.658
552, 0, 40984, 7.435, -0.677
553, 0, 40965, 7.440, -0.642
554, 0, 40945, 7.434, -0.676
555, 0, 40925, 7.436, -0.663
556, 0, 40906, 7.431, -0.687
557, 0, 40886, 7.436, -0.649
558, 0, 40866, 7.432, -0.669
559, 0, 40846, 7.432, -0.665
560, 0, 40827, 7.426, -0.691
561, 0, 40807, 7.433, -0.651
562, 0, 40787, 7.426, -0.676
563, 0, 40768, 7.427, -0.663
564, 0, 40748, 7.425, -0.683
565, 0, 40728, 7.429, -0.659
566, 0, 40708, 7.425, -0.672
567, 0, 40689, 7.426, -0.663
568, 0, 40669, 7.421, -0.683
569, 0, 40649, 7.425, -0.659
570, 0, 40630, 7.420, -0.679
571, 0, 40610, 7.419, -0.680
572, 0, 40590, 7.418, -0.685
573, 0, 40570, 7.421, -0.658
574, 0, 40551, 7.418, -0.673
575, 0, 40531, 7.417, -0.681
576, 0, 40511, 7.414, -0.686
577, 0, 40491, 7.419, -0.653
578, 0, 40472, 7.414, -0.671
579, 0, 40452, 7.411, -0.689
580, 0, 40432, 7.411, -0.685
581, 0, 40412, 7.411, -0.670
582, 0, 40392, 7.410, -0.675
583, 0, 40373, 7.408, -0.688
584, 0, 40353, 7.408, -0.674
585, 0, 40333, 7.410, -0.661
586, 0, 40313, 7.406, -0.681
587, 0, 40294, 7.402, -0.695
588, 0, 40274, 7.404, -0.677
589, 0, 40254, 7.404, -0.667
590, 0, 40234, 7.402, -0.676
591, 0, 40214, 7.397, -0.698
592, 0, 40195, 7.401, -0.673
593, 0, 40175, 7.401, -0.664
594, 0, 40155, 7.398, -0.678
595, 0, 40135, 7.395, -0.692
596, 0, 40115, 7.396, -0.675
597, 0, 40095, 7.395, -0.676
598, 0, 40076, 7.394, -0.675
599, 0, 40056, 7.388, -0.699
600, 0, 40036, 7.393, -0.669
601, 0, 40016, 7.392, -0.670
602, 0, 39996, 7.388, -0.682
603, 0, 39976, 7.384, -0.694
604, 0, 39957, 7.389, -0.669
605, 0, 39937, 7.387, -0.676
606, 0, 39917, 7.385, -0.673
607, 0, 39897, 7.379, -0.701
608, 0, 39877, 7.384, -0.670
609, 0, 39857, 7.381, -0.681
610, 0, 39838, 7.382, -0.668
611, 0, 39818, 7.376, -0.696
612, 0, 39798, 7.381, -0.658
613, 0, 39778, 7.375, -0.687
614, 0, 39758, 7.376, -0.666
615, 0, 39738, 7.371, -0.697
616, 0, 39718, 7.375, -0.658
617, 0, 39698, 7.372, -0.681
618, 0, 39678, 7.371, -0.675
619, 0, 39659, 7.366, -0.693
620, 0, 39639, 7.372, -0.652
621, 0, 39619, 7.365, -0.686
622, 0, 39599, 7.364, -0.686
623, 0, 39579, 7.361, -0.692
624, 0, 39559, 7.366, -0.664
625, 0, 39539, 7.361, -0.678
626, 0, 39519, 7.360, -0.680
627, 0, 39499, 7.356, -0.690
628, 0, 39479, 7.359, -0.666
629, 0, 39459, 7.355, -0.684
630, 0, 39439, 7.354, -0.682
631, 0, 39419, 7.350, -0.689
632, 0, 39399, 7.355, -0.656
633, 0, 39380, 7.350, -0.685
634, 0, 39360, 7.348, -0.685
635, 0, 39340, 7.345, -0.692
636, 0, 39320, 7.348, -0.661
637, 0, 39300, 7.344, -0.681
638, 0, 39280, 7.341, -0.682
639, 0, 39260, 7.339, -0.682
640, 0, 39240, 7.342, -0.670
641, 0, 39220, 7.339, -0.673
642, 0, 39200, 7.336, -0.681
643, 0, 39180, 7.333, -0.686
644, 0, 39160, 7.336, -0.668
645, 0, 39140, 7.333, -0.674
646, 0, 39120, 7.328, -0.689
647, 0, 39100, 7.328, -0.684
648, 0, 39080, 7.330, -0.661
649, 0, 39060, 7.326, -0.677
650, 0, 39039, 7.323, -0.686
651, 0, 39019, 7.321, -0.678
652, 0, 38999, 7.324, -0.664
653, 0, 38979, 7.320, -0.674
654, 0, 38959, 7.315, -0.697
655, 0, 38939, 7.316, -0.673
656, 0, 38919, 7.317, -0.669
657, 0, 38899, 7.315, -0.668
658, 0, 38879, 7.308, -0.693
659, 0, 38859, 7.311, -0.670
660, 0, 38839, 7.308, -0.671
661, 0, 38819, 7.308, -0.665
662, 0, 38798, 7.298, -0.706
663, 0, 38778, 7.302, -0.675
664, 0, 38758, 7.300, -0.676
665, 0, 38738, 7.298, -0.673
666, 0, 38718, 7.292, -0.701
667, 0, 38698, 7.297, -0.661
668, 0, 38678, 7.292, -0.677
669, 0, 38657, 7.291, -0.675
670, 0, 38637, 7.284, -0.704
671, 0, 38617, 7.288, -0.669
672, 0, 38597, 7.283, -0.686
673, 0, 38577, 7.284, -0.677
674, 0, 38556, 7.274, -0.712
675, 0, 38536, 7.279, -0.669
676, 0, 38516, 7.273, -0.689
677, 0, 38496, 7.274, -0.682
678, 0, 38476, 7.266, -0.708
679, 0, 38455, 7.271, -0.677
680, 0, 38435, 7.266, -0.686
681, 0, 38415, 7.262, -0.703
682, 0, 38395, 7.258, -0.703
683, 0, 38374, 7.259, -0.685
684, 0, 38354, 7.257, -0.684
685, 0, 38334, 7.253, -0.691
686, 0, 38313, 7.249, -0.700
687, 0, 38293, 7.251, -0.677
688, 0, 38273, 7.244, -0.687
689, 0, 38253, 7.243, -0.689
690, 0, 38232, 7.237, -0.704
691, 0, 38212, 7.240, -0.681
692, 0, 38192, 7.235, -0.693
693, 0, 38171, 7.230, -0.703
694, 0, 38151, 7.226, -0.708
695, 0, 38130, 7.227, -0.690
696, 0, 38110, 7.224, -0.688
697, 0, 38090, 7.218, -0.703
698, 0, 38069, 7.214, -0.706
699, 0, 38049, 7.212, -0.697
700, 0, 38028, 7.209, -0.690
701, 0, 38008, 7.201, -0.705
702, 0, 37987, 7.193, -0.702
703, 0, 37967, 7.187, -0.699
704, 0, 37946, 7.175, -0.716
705, 0, 37926, 7.150, -0.725
706, 0, 37905, 7.113, -0.718
707, 0, 37883, 7.025, -0.714
